早期検知したか	早期検知時刻	デッドラインミスが発生したか	デッドラインミス時刻	平均CPU利用率
0	99999999999999999	0	99999999999999999	68.34935897435898
0	99999999999999999	0	99999999999999999	68.96411092985318
0	99999999999999999	0	99999999999999999	68.79032258064517
0	99999999999999999	0	99999999999999999	64.91735537190081
0	99999999999999999	0	99999999999999999	68.35236541598695
0	99999999999999999	1	360	66.13036303630362
0	99999999999999999	0	99999999999999999	66.26409017713365
0	99999999999999999	0	99999999999999999	69.48590381426203
0	99999999999999999	0	99999999999999999	69.80360065466449
