0	99999999999999999	0	99999999999999999	74.58813838550246
0	99999999999999999	0	99999999999999999	81.42750373692078
0	99999999999999999	0	99999999999999999	82.22843450479233
0	99999999999999999	0	99999999999999999	89.64508580343212
1	269	1	273	86.3255033557047
1	125	1	196	89.51793721973095
1	443	1	577	91.28725165562913
1	348	1	356	92.8050397877984
1	236	1	293	92.4520766773163
1	121	1	125	85.58333333333333
0	99999999999999999	1	124	73.3108108108108
0	99999999999999999	0	99999999999999999	70.83333333333334
0	99999999999999999	1	252	92.97445255474452
0	99999999999999999	0	99999999999999999	86.47286821705427
0	99999999999999999	1	541	90.13274336283186
1	299	1	320	95.89497041420118
1	242	1	360	72.96325878594249
0	99999999999999999	1	360	92.64018691588785
1	694	1	763	97.81847133757961
1	224	1	240	94.12878787878789
0	99999999999999999	1	200	90.30269058295963
1	250	1	263	94.41580756013747
0	99999999999999999	1	600	79.91920152091254
0	99999999999999999	0	99999999999999999	84.10914927768862
0	99999999999999999	1	480	84.360599078341
0	99999999999999999	1	600	82.56818181818181
1	547	0	99999999999999999	85.05434782608694
1	240	1	244	95.25862068965517
1	227	1	251	93.20652173913044
1	160	1	330	96.58450704225352
0	99999999999999999	1	200	91.13636363636364
0	99999999999999999	1	126	88.75
1	215	1	219	94.331983805668
0	99999999999999999	1	420	82.75623268698061
0	99999999999999999	0	99999999999999999	80.1984126984127
0	99999999999999999	1	254	79.72136222910218
0	99999999999999999	1	420	90.38194444444446
0	99999999999999999	1	136	93.23248407643314
1	378	1	404	90.53030303030305
1	314	1	483	96.63366336633663
0	99999999999999999	1	420	94.94134897360705
0	99999999999999999	1	360	88.77640845070424
1	358	1	460	94.9896694214876
1	245	1	268	94.06996587030716
0	99999999999999999	0	99999999999999999	78.01302931596089
0	99999999999999999	0	99999999999999999	77.073268921095
0	99999999999999999	1	480	84.45197044334974
0	99999999999999999	1	420	81.74157303370787
1	426	1	505	93.91698473282443
1	111	1	124	89.62418300653594
1	298	1	321	93.67690058479532
0	99999999999999999	1	124	91.25
1	225	1	238	92.45283018867924
1	125	1	139	93.671875
1	414	1	684	98.16643159379407
0	99999999999999999	0	99999999999999999	73.78472222222221
0	99999999999999999	0	99999999999999999	80.94391785150079
0	99999999999999999	1	360	72.15485074626865
1	361	1	365	81.17541766109785
0	99999999999999999	1	360	85.55363321799307
0	99999999999999999	1	247	87.13235294117648
0	99999999999999999	1	360	90.81375838926175
1	225	1	244	95.77067669172932
1	234	1	238	93.6531007751938
1	159	1	199	87.82608695652173
1	1312	1	1332	99.49336772291821
1	414	1	427	75.6403118040089
0	99999999999999999	0	99999999999999999	84.84726688102893
0	99999999999999999	1	420	79.79166666666667
0	99999999999999999	1	360	91.04785478547856
1	249	1	360	88.203125
1	137	1	154	86.44736842105264
1	199	1	272	93.9406779661017
1	181	1	272	92.04545454545455
1	210	1	214	92.29166666666667
1	164	1	168	77.41416309012875
1	214	1	230	94.76744186046511
0	99999999999999999	0	99999999999999999	88.30398162327718
0	99999999999999999	1	660	70.22306397306397
0	99999999999999999	0	99999999999999999	79.94791666666667
0	99999999999999999	0	99999999999999999	82.62243285939968
1	282	1	297	89.04798761609908
0	99999999999999999	0	99999999999999999	88.66525423728814
1	374	1	410	89.68390804597702
1	239	1	265	93.75
0	99999999999999999	1	360	88.06818181818181
1	433	1	437	95.61546840958606
1	140	1	144	92.21556886227546
0	99999999999999999	0	99999999999999999	61.937299035369776
0	99999999999999999	0	99999999999999999	76.16279069767442
0	99999999999999999	0	99999999999999999	82.41525423728812
1	556	1	569	84.92096505823626
1	256	1	306	94.32164634146342
0	99999999999999999	1	197	91.98430493273544
1	253	1	269	77.14646464646464
1	136	1	140	87.57485029940119
1	131	1	135	86.08490566037737
1	693	1	778	96.87110834371107
0	99999999999999999	1	360	72.26851851851852
0	99999999999999999	0	99999999999999999	73.3525535420099
0	99999999999999999	1	540	77.15696465696466
1	184	1	188	87.67361111111109
1	176	1	193	90.32805429864253
0	99999999999999999	1	159	92.79891304347825
1	213	1	217	93.14853556485356
1	132	1	399	96.23815165876778
1	233	1	237	95.94594594594595
1	446	1	487	94.09313725490198
0	99999999999999999	1	420	79.70867208672087
1	415	1	540	86.65760869565217
1	660	1	664	89.39942112879885
0	99999999999999999	1	360	76.54593639575972
0	99999999999999999	0	99999999999999999	88.23643410852713
1	390	1	540	94.79717813051145
1	384	1	388	94.47463768115941
1	134	1	454	96.484375
1	117	1	187	91.66666666666666
1	428	1	471	94.76861167002014
1	133	1	176	93.84422110552764
0	99999999999999999	0	99999999999999999	82.17147435897436
0	99999999999999999	0	99999999999999999	83.10032894736842
0	99999999999999999	0	99999999999999999	83.77616747181963
0	99999999999999999	1	540	85.2510460251046
0	99999999999999999	1	360	90.14261744966443
0	99999999999999999	1	360	88.6070110701107
1	214	1	219	91.22448979591837
0	99999999999999999	1	136	86.95987654320986
1	223	1	274	93.38235294117648
1	452	1	456	96.5
1	214	1	228	91.66666666666669
0	99999999999999999	0	99999999999999999	76.10176282051283
0	99999999999999999	0	99999999999999999	77.88173652694611
0	99999999999999999	1	307	86.29154078549848
0	99999999999999999	1	360	90.60150375939848
1	284	1	288	91.14583333333333
1	239	1	398	93.48214285714286
1	248	1	281	94.34426229508198
1	185	1	325	97.62247838616715
0	99999999999999999	1	219	95.13319672131148
1	436	1	513	96.89832089552237
1	136	1	140	92.51497005988026
0	99999999999999999	0	99999999999999999	80.4915514592934
0	99999999999999999	0	99999999999999999	82.8560371517028
0	99999999999999999	0	99999999999999999	85.15007898894154
1	139	1	360	87.5
1	527	1	531	94.13219424460432
0	99999999999999999	1	420	93.08823529411762
1	202	1	206	92.92763157894737
1	205	1	209	90.87982832618026
1	190	1	194	88.6046511627907
1	150	1	154	79.77594339622641
1	726	1	730	97.53333333333335
0	99999999999999999	0	99999999999999999	82.18799368088466
0	99999999999999999	0	99999999999999999	72.17409240924093
0	99999999999999999	0	99999999999999999	84.08736349453979
0	99999999999999999	0	99999999999999999	87.59750390015601
0	99999999999999999	1	196	89.02714932126696
0	99999999999999999	1	360	82.89249146757679
1	446	1	460	91.04938271604938
1	241	1	256	91.65162454873646
0	99999999999999999	1	401	91.60756501182034
0	99999999999999999	1	167	91.40211640211639
1	194	1	198	91.15990990990991
0	99999999999999999	0	99999999999999999	76.54220779220779
0	99999999999999999	0	99999999999999999	73.97034596375617
0	99999999999999999	0	99999999999999999	81.44904458598727
0	99999999999999999	0	99999999999999999	84.78084415584415
0	99999999999999999	0	99999999999999999	86.79022082018928
1	183	1	197	91.70454545454547
1	191	1	206	90.41095890410958
1	119	1	246	95.29520295202953
0	99999999999999999	1	134	89.47784810126582
1	184	1	255	94.91071428571428
1	367	1	7414	99.74126344086021
0	99999999999999999	1	360	74.2741935483871
1	370	1	374	83.36466165413535
1	408	0	99999999999999999	80.078125
1	615	1	628	88.80451713395638
0	99999999999999999	1	480	88.54430379746836
1	395	1	410	89.74780701754386
1	163	1	187	90.31100478468899
1	259	1	263	92.73356401384083
1	250	1	254	94.24107142857142
1	193	1	208	93.6413043478261
1	498	1	522	98.37155963302752
0	99999999999999999	0	99999999999999999	83.44541139240506
0	99999999999999999	0	99999999999999999	82.56333830104322
0	99999999999999999	0	99999999999999999	77.7046783625731
0	99999999999999999	1	360	88.88436482084691
1	535	1	539	93.76114081996435
0	99999999999999999	1	307	93.63567073170732
0	99999999999999999	1	192	90.75581395348837
1	175	1	188	88.41911764705883
1	179	1	207	88.51063829787233
1	637	1	641	97.39114114114115
0	99999999999999999	1	320	96.56432748538012
0	99999999999999999	1	360	74.23387096774194
0	99999999999999999	0	99999999999999999	79.7842019543974
0	99999999999999999	1	139	88.91509433962264
1	133	1	163	93.04812834224599
0	99999999999999999	1	360	83.09608540925268
1	416	1	484	92.8466796875
1	236	1	279	95.81967213114756
1	222	1	248	93.86446886446886
1	396	1	421	95.48997772828508
1	110	1	128	90.28662420382166
0	99999999999999999	0	99999999999999999	82.54560530679933
0	99999999999999999	1	360	93.41346153846153
0	99999999999999999	1	242	79.16666666666666
1	228	1	271	87.5400641025641
1	420	1	540	85.76883910386964
1	612	1	616	91.00467289719626
1	277	1	422	96.74157303370787
1	242	1	246	88.47583643122677
1	320	1	354	95.91029023746702
1	195	1	199	87.83039647577091
1	395	1	532	97.75815217391303
0	99999999999999999	0	99999999999999999	79.91551459293395
0	99999999999999999	0	99999999999999999	78.38582677165353
0	99999999999999999	1	420	85.89142091152816
1	292	1	318	86.76686217008799
1	361	1	365	89.5356234096692
1	625	1	650	91.11111111111111
0	99999999999999999	1	360	87.76690391459076
1	205	1	222	92.9
1	316	1	360	94.12824207492795
1	304	1	329	94.06960227272727
1	276	1	280	93.81147540983606
0	99999999999999999	0	99999999999999999	76.02362204724409
0	99999999999999999	0	99999999999999999	76.85624012638232
0	99999999999999999	0	99999999999999999	82.28653530377669
0	99999999999999999	1	420	89.4088669950739
1	528	1	583	90.71252059308071
1	382	1	405	94.7337962962963
1	179	1	183	90.05952380952382
0	99999999999999999	1	128	90.09740259740259
1	130	1	201	81.06481481481481
0	99999999999999999	1	433	95.99004424778761
0	99999999999999999	0	99999999999999999	70.9983498349835
0	99999999999999999	1	480	75.36057692307693
0	99999999999999999	1	420	87.25558659217879
0	99999999999999999	1	480	79.47080291970804
1	187	1	211	87.23849372384937
0	99999999999999999	1	263	91.43356643356644
1	243	1	247	93.1390977443609
1	189	1	212	88.71822033898306
1	438	1	493	97.17898832684826
1	465	1	480	96.89980158730158
1	354	1	358	97.11796246648794
0	99999999999999999	0	99999999999999999	80.98360655737706
0	99999999999999999	0	99999999999999999	78.52459016393443
0	99999999999999999	0	99999999999999999	79.94274809160305
0	99999999999999999	0	99999999999999999	92.36940298507463
1	467	1	471	96.72004132231406
1	258	1	262	87.1405750798722
0	99999999999999999	1	360	78.53915662650603
1	194	1	198	90.11111111111111
0	99999999999999999	1	260	91.25441696113074
1	165	1	179	95.63802083333334
0	99999999999999999	1	134	93.86942675159236
0	99999999999999999	0	99999999999999999	66.99834162520729
0	99999999999999999	0	99999999999999999	73.1297709923664
0	99999999999999999	1	480	85.66753926701571
0	99999999999999999	1	540	84.66735966735968
0	99999999999999999	1	313	87.9068047337278
0	99999999999999999	1	360	95.6140350877193
0	99999999999999999	1	144	89.8529411764706
1	300	1	462	96.46907216494846
1	221	1	370	91.32716049382718
0	99999999999999999	1	163	93.9538043478261
1	1358	1	1373	99.02469577666429
0	99999999999999999	0	99999999999999999	76.9485903814262
1	647	1	680	79.74898236092267
0	99999999999999999	1	540	86.36363636363636
0	99999999999999999	1	600	81.92630597014924
0	99999999999999999	0	99999999999999999	87.1897810218978
1	235	1	285	93.75
0	99999999999999999	1	184	91.60714285714286
0	99999999999999999	1	183	89.74514563106797
1	690	1	765	98.27749683944376
1	340	1	388	92.58474576271186
1	141	1	154	81.70731707317074
0	99999999999999999	0	99999999999999999	71.61716171617162
0	99999999999999999	0	99999999999999999	85.17175572519085
0	99999999999999999	1	360	67.28547854785478
1	208	1	660	91.92122186495176
1	443	1	555	92.57745266781411
0	99999999999999999	1	420	90.0
0	99999999999999999	1	378	89.60918114143921
0	99999999999999999	1	169	95.39473684210527
1	376	1	434	96.84782608695652
0	99999999999999999	1	483	94.45266272189349
1	178	1	191	89.43661971830986
0	99999999999999999	0	99999999999999999	67.53169572107765
0	99999999999999999	0	99999999999999999	86.97154471544715
0	99999999999999999	0	99999999999999999	83.24843260188088
0	99999999999999999	0	99999999999999999	80.9439178515008
1	355	1	377	90.6405472636816
0	99999999999999999	1	281	88.13993174061434
0	99999999999999999	1	345	93.97018970189701
1	120	1	413	97.77199074074073
1	376	1	425	97.7247191011236
1	773	1	823	98.25855962219599
1	1332	1	1336	98.4845701689934
0	99999999999999999	1	480	76.88356164383562
0	99999999999999999	0	99999999999999999	90.46253822629969
0	99999999999999999	1	496	88.72126436781609
1	179	1	183	94.52319587628867
0	99999999999999999	1	360	95.83333333333333
1	396	1	481	97.30342741935485
0	99999999999999999	1	129	80.53892215568862
1	120	1	197	92.64705882352942
0	99999999999999999	1	353	87.17339667458431
1	246	1	260	93.92361111111113
1	131	1	137	93.08176100628931
0	99999999999999999	0	99999999999999999	82.07855973813419
0	99999999999999999	0	99999999999999999	82.54560530679933
1	690	1	704	84.40915300546447
0	99999999999999999	0	99999999999999999	84.25774877650898
1	454	1	458	89.15289256198348
1	335	1	339	87.05601092896174
0	99999999999999999	1	364	91.21702637889689
1	139	1	143	80.95854922279793
0	99999999999999999	1	212	89.35381355932203
1	536	1	905	98.2451403887689
1	185	1	248	95.07299270072994
0	99999999999999999	0	99999999999999999	81.11455108359134
0	99999999999999999	0	99999999999999999	79.80613893376413
0	99999999999999999	1	480	74.67261904761905
0	99999999999999999	0	99999999999999999	82.19584569732937
0	99999999999999999	1	155	89.68926553672317
0	99999999999999999	1	420	90.22727272727273
1	194	1	198	93.72222222222223
1	204	1	208	91.34199134199135
1	697	1	727	97.32380319148936
1	369	1	397	91.81442080378251
1	939	1	943	99.01960784313727
0	99999999999999999	0	99999999999999999	74.83471074380165
0	99999999999999999	0	99999999999999999	78.74634502923976
0	99999999999999999	1	480	88.66792929292929
0	99999999999999999	1	600	84.35251798561151
1	407	1	600	85.92870544090057
1	166	1	218	92.6829268292683
1	349	1	362	92.10182767624019
1	334	1	360	89.39295039164492
1	270	1	306	95.26515151515152
1	348	1	368	96.18589743589745
0	99999999999999999	1	184	92.58373205741627
0	99999999999999999	1	660	82.98728813559322
0	99999999999999999	0	99999999999999999	83.94992526158447
0	99999999999999999	0	99999999999999999	74.25458715596329
0	99999999999999999	1	360	75.13489208633092
0	99999999999999999	1	249	90.80188679245283
1	274	1	360	87.86231884057972
1	809	1	847	94.2318757192175
1	255	1	455	91.27846790890268
0	99999999999999999	1	310	90.1571856287425
0	99999999999999999	1	238	93.31730769230768
0	99999999999999999	1	139	91.23475609756098
0	99999999999999999	0	99999999999999999	73.36626139817629
0	99999999999999999	0	99999999999999999	83.24175824175823
1	530	1	660	88.98861646234677
0	99999999999999999	1	540	82.40546218487395
0	99999999999999999	0	99999999999999999	84.67238689547582
1	386	1	390	89.41605839416059
1	228	1	232	82.39020270270271
1	171	1	197	91.77927927927928
0	99999999999999999	1	141	92.98780487804876
0	99999999999999999	1	232	94.23076923076924
0	99999999999999999	1	270	83.59144542772862
0	99999999999999999	0	99999999999999999	77.31404958677685
0	99999999999999999	0	99999999999999999	74.60753532182105
1	440	1	444	82.52118644067795
1	280	1	306	92.10329341317365
0	99999999999999999	1	480	92.7439024390244
0	99999999999999999	1	480	88.9423076923077
1	256	1	260	94.7048611111111
0	99999999999999999	1	205	93.01310043668123
1	352	1	384	92.73114355231144
1	127	1	461	96.8041237113402
1	446	1	479	97.32673267326733
0	99999999999999999	0	99999999999999999	73.97034596375619
0	99999999999999999	1	360	58.663366336633665
0	99999999999999999	0	99999999999999999	74.33774834437085
0	99999999999999999	0	99999999999999999	80.59971098265895
1	317	1	420	91.21428571428572
0	99999999999999999	1	360	74.95928338762215
1	163	1	188	89.82142857142857
1	272	1	276	95.44314381270904
1	271	1	296	93.3203125
1	766	1	839	97.31213872832369
1	150	1	154	90.0
0	99999999999999999	0	99999999999999999	77.31404958677686
0	99999999999999999	0	99999999999999999	85.31007751937985
0	99999999999999999	1	420	74.6243169398907
1	199	1	500	95.35984848484848
1	324	1	328	91.22191011235955
0	99999999999999999	1	407	90.91954022988506
1	183	1	208	91.21767241379311
1	253	1	267	90.9013605442177
0	99999999999999999	1	575	96.05704697986577
0	99999999999999999	1	334	94.9438202247191
1	1035	1	1144	98.52437981180498
0	99999999999999999	0	99999999999999999	71.35157545605306
0	99999999999999999	1	600	85.178916827853
1	633	1	637	87.55681818181819
0	99999999999999999	1	480	86.90191387559808
0	99999999999999999	1	600	82.1852189781022
0	99999999999999999	1	239	91.90074906367042
1	194	1	208	94.75108225108225
0	99999999999999999	1	262	94.55574912891987
1	235	1	264	93.25259515570933
1	330	1	334	96.06940509915013
1	124	1	243	95.28917910447761
0	99999999999999999	0	99999999999999999	77.3449920508744
0	99999999999999999	0	99999999999999999	80.1948051948052
0	99999999999999999	0	99999999999999999	82.45227606461087
0	99999999999999999	1	360	88.79928315412188
1	407	1	600	92.01197053407
1	284	1	420	92.5
1	125	1	129	86.9047619047619
1	658	1	662	96.26099706744868
1	275	1	279	83.39337175792508
1	1190	1	1419	99.02574808629086
0	99999999999999999	1	1474	98.93333333333332
0	99999999999999999	0	99999999999999999	86.8317610062893
1	386	1	390	90.01820388349515
0	99999999999999999	0	99999999999999999	87.48161764705881
0	99999999999999999	0	99999999999999999	80.68181818181819
1	557	1	621	91.44021739130434
1	116	1	463	94.73547717842324
1	390	1	469	91.08961303462323
1	184	1	188	94.53125
1	178	1	201	88.22222222222223
1	166	1	170	91.85606060606061
1	2859	1	2872	99.22360248447204
0	99999999999999999	0	99999999999999999	83.83999999999999
0	99999999999999999	0	99999999999999999	83.58482871125612
0	99999999999999999	0	99999999999999999	85.42576419213974
1	584	1	627	90.49618320610688
1	327	1	331	88.03267045454545
1	286	1	323	91.65472779369628
0	99999999999999999	1	360	74.7112211221122
1	433	1	451	93.59177215189874
1	344	1	371	92.75818639798489
1	166	1	229	94.43359375
1	942	1	969	98.3125
0	99999999999999999	0	99999999999999999	71.85430463576158
1	495	1	499	86.01941747572815
1	417	1	433	94.32314410480349
1	445	1	453	90.67085953878407
1	195	1	333	95.6354748603352
1	288	1	321	94.74264705882354
1	196	1	249	94.34306569343065
1	482	1	486	94.2138671875
1	240	1	255	96.63978494623656
1	173	1	214	91.11570247933884
1	120	1	185	92.95023696682465
0	99999999999999999	0	99999999999999999	79.66171617161716
0	99999999999999999	0	99999999999999999	75.68770226537217
0	99999999999999999	1	360	76.93256578947367
0	99999999999999999	1	360	84.36346863468636
0	99999999999999999	1	420	92.31530343007914
1	150	1	234	91.796875
1	128	1	360	90.98746081504702
0	99999999999999999	1	184	90.44811320754718
1	162	1	187	83.95432692307692
1	185	1	189	89.10714285714285
1	408	1	412	97.32758620689656
0	99999999999999999	0	99999999999999999	73.33199356913184
0	99999999999999999	1	480	90.99358974358974
0	99999999999999999	0	99999999999999999	87.20885093167699
0	99999999999999999	1	605	93.8095238095238
1	117	0	99999999999999999	90.90722495894909
0	99999999999999999	1	600	93.3254716981132
1	311	1	315	93.47345132743362
0	99999999999999999	1	242	95.20676691729322
1	214	1	230	94.921875
1	327	1	331	91.74859550561797
0	99999999999999999	1	406	96.23842592592592
0	99999999999999999	0	99999999999999999	75.70480928689885
0	99999999999999999	0	99999999999999999	83.67424242424244
1	428	1	600	82.0342205323194
1	392	1	410	84.04427645788337
0	99999999999999999	1	411	92.21967963386729
1	194	1	198	87.83632286995515
1	378	1	425	95.34040178571429
1	422	1	438	95.84239130434783
1	154	1	321	94.71014492753622
1	346	1	359	93.97786458333333
1	144	1	148	88.85714285714286
0	99999999999999999	1	360	78.06691449814127
0	99999999999999999	0	99999999999999999	79.50626959247649
0	99999999999999999	1	600	89.0212981744422
0	99999999999999999	1	540	85.16630901287553
1	321	1	344	93.24048913043478
1	374	1	378	85.38732394366198
1	307	1	311	89.25373134328358
0	99999999999999999	1	203	95.09911894273127
0	99999999999999999	1	184	89.37198067632852
0	99999999999999999	1	966	98.20884146341464
0	99999999999999999	1	402	97.31308411214953
0	99999999999999999	0	99999999999999999	71.24802527646129
0	99999999999999999	0	99999999999999999	77.34254992319508
0	99999999999999999	0	99999999999999999	78.84
0	99999999999999999	0	99999999999999999	81.32621951219511
1	293	1	307	88.85135135135135
1	240	1	360	81.95337620578778
1	125	1	140	93.10606060606061
1	396	1	534	88.8888888888889
0	99999999999999999	1	253	96.68181818181819
1	205	1	218	89.6938775510204
1	1210	1	1235	98.69047619047619
0	99999999999999999	0	99999999999999999	71.98624595469256
0	99999999999999999	0	99999999999999999	81.74726989079564
0	99999999999999999	0	99999999999999999	88.97540983606558
1	507	1	582	95.61769616026709
1	198	1	255	90.86879432624113
0	99999999999999999	0	99999999999999999	92.1899841017488
1	259	1	322	94.94219653179192
1	282	1	286	95.60032894736841
1	536	1	615	95.73506289308175
1	245	1	249	92.0
0	99999999999999999	1	697	97.36842105263159
0	99999999999999999	0	99999999999999999	68.52310231023102
0	99999999999999999	0	99999999999999999	79.32545731707317
0	99999999999999999	0	99999999999999999	76.82119205298014
0	99999999999999999	0	99999999999999999	83.79424778761063
0	99999999999999999	1	480	92.66917293233082
1	274	1	289	86.14457831325302
1	411	1	428	89.22697368421053
0	99999999999999999	1	128	91.31493506493507
1	133	1	383	96.02689486552568
1	214	1	330	94.59269662921346
1	510	1	514	96.18055555555556
0	99999999999999999	0	99999999999999999	77.34120521172639
0	99999999999999999	0	99999999999999999	75.54347826086956
0	99999999999999999	0	99999999999999999	74.5703125
0	99999999999999999	1	360	84.58059210526315
0	99999999999999999	1	660	83.20833333333333
1	433	1	621	93.2103610675039
1	311	1	315	91.97214076246334
1	284	1	301	90.36231884057972
1	222	1	249	94.5
1	655	1	659	97.97794117647058
1	266	1	296	96.58018867924528
0	99999999999999999	1	660	87.91018998272885
0	99999999999999999	0	99999999999999999	79.26929392446633
1	412	1	600	84.82843137254902
0	99999999999999999	1	600	82.61952191235059
1	371	1	375	85.52784222737819
0	99999999999999999	1	247	90.95454545454547
1	184	1	188	90.50925925925928
1	235	1	291	95.56709265175719
1	184	1	188	89.95327102803738
1	429	1	456	95.06784968684761
1	336	1	1243	98.67168913560667
0	99999999999999999	0	99999999999999999	78.02114803625379
0	99999999999999999	1	360	79.503367003367
0	99999999999999999	0	99999999999999999	78.11488673139158
0	99999999999999999	1	360	87.59124087591242
1	224	1	228	92.47047244094489
0	99999999999999999	1	420	80.1332288401254
1	288	1	303	92.86253776435046
1	575	1	602	96.63461538461539
0	99999999999999999	1	309	94.70720720720719
0	99999999999999999	1	303	89.14373088685016
1	877	1	908	97.89882226980728
0	99999999999999999	0	99999999999999999	79.33799342105264
0	99999999999999999	1	660	78.90624999999999
0	99999999999999999	1	360	71.03960396039604
1	404	1	544	91.80579964850617
0	99999999999999999	1	360	81.62698412698413
0	99999999999999999	1	360	85.9982332155477
0	99999999999999999	1	320	94.20028818443804
1	298	1	314	88.8970588235294
1	564	1	360	96.03365384615384
1	130	1	372	95.60301507537689
1	338	1	364	94.64285714285714
0	99999999999999999	0	99999999999999999	74.3485342019544
0	99999999999999999	1	360	82.38448844884488
0	99999999999999999	0	99999999999999999	84.46142649199417
0	99999999999999999	0	99999999999999999	84.77138643067848
0	99999999999999999	1	360	83.04738562091504
1	282	1	286	77.03313253012047
1	275	1	312	96.70454545454545
1	242	1	318	91.85267857142857
1	157	1	161	94.22554347826087
1	789	1	823	97.45260663507108
0	99999999999999999	1	497	96.58221797323137
0	99999999999999999	0	99999999999999999	73.97034596375619
0	99999999999999999	0	99999999999999999	70.30254777070064
0	99999999999999999	0	99999999999999999	88.84976525821597
1	224	1	254	95.24456521739128
0	99999999999999999	1	451	92.06932773109243
1	175	1	189	88.31018518518519
1	192	1	225	92.43027888446214
1	126	1	231	90.92664092664093
1	582	1	595	93.57585139318886
1	223	1	298	93.49688473520249
1	190	1	194	93.43023255813954
0	99999999999999999	0	99999999999999999	79.88505747126436
0	99999999999999999	1	660	89.56349206349206
0	99999999999999999	1	360	69.84577922077922
0	99999999999999999	1	360	86.76470588235293
1	219	1	360	79.87903225806451
0	99999999999999999	1	187	90.34883720930232
0	99999999999999999	1	360	79.76539589442814
0	99999999999999999	1	194	89.47072072072072
1	168	1	172	91.375
1	270	1	329	91.6901408450704
1	180	1	184	91.09669811320754
0	99999999999999999	0	99999999999999999	74.84126984126983
0	99999999999999999	0	99999999999999999	80.93495934959348
1	186	1	223	92.55102040816327
0	99999999999999999	1	540	84.16844349680171
1	526	1	604	90.1901294498382
1	461	1	549	91.38007054673723
0	99999999999999999	1	364	91.23376623376623
1	184	1	217	90.7563025210084
1	246	1	250	91.17647058823529
1	245	1	249	95.35845588235294
1	162	1	166	88.29365079365078
0	99999999999999999	0	99999999999999999	79.88505747126436
0	99999999999999999	0	99999999999999999	79.07392686804451
0	99999999999999999	0	99999999999999999	74.47411003236246
0	99999999999999999	1	420	78.18696883852692
0	99999999999999999	0	99999999999999999	89.9031007751938
0	99999999999999999	1	360	66.9758064516129
1	226	1	336	94.09530386740332
1	248	1	473	96.86868686868688
1	291	1	335	95.25495750708214
1	205	1	219	90.48353909465021
1	838	1	1168	99.01343408900085
0	99999999999999999	0	99999999999999999	85.03577106518284
0	99999999999999999	0	99999999999999999	80.32520325203251
0	99999999999999999	0	99999999999999999	83.83550488599349
0	99999999999999999	1	547	84.56272084805654
1	280	1	341	93.29268292682926
1	130	1	134	77.17105263157893
1	303	1	307	90.86676217765043
1	339	1	352	93.18484042553192
0	99999999999999999	1	128	87.90849673202614
1	240	1	244	91.99074074074075
1	316	1	1826	98.5302049622438
0	99999999999999999	0	99999999999999999	71.91971383147853
0	99999999999999999	1	480	77.93062200956938
0	99999999999999999	1	360	93.9946619217082
0	99999999999999999	1	420	79.1154791154791
0	99999999999999999	1	360	85.71428571428572
1	618	1	622	90.74212893553224
0	99999999999999999	1	420	90.6418918918919
1	300	1	304	95.23993808049536
1	454	1	520	98.05555555555554
1	301	1	328	94.40509915014165
1	495	1	514	97.77777777777777
0	99999999999999999	0	99999999999999999	74.22131147540983
0	99999999999999999	0	99999999999999999	75.2738654147105
0	99999999999999999	0	99999999999999999	88.0656108597285
0	99999999999999999	1	600	90.92942345924453
1	362	1	366	87.71289537712896
0	99999999999999999	0	99999999999999999	87.65912305516265
1	173	1	186	88.10679611650487
1	420	1	424	92.04799107142857
1	283	1	392	97.13603818615752
1	277	1	340	95.13698630136986
1	2822	1	2826	99.32112824106517
0	99999999999999999	0	99999999999999999	73.97034596375617
0	99999999999999999	0	99999999999999999	83.01282051282051
0	99999999999999999	1	360	84.3103448275862
0	99999999999999999	1	360	85.64311594202898
1	302	1	306	86.16207951070336
0	99999999999999999	1	480	86.24355670103093
0	99999999999999999	1	197	90.23972602739725
1	345	1	358	93.65234375
1	375	1	405	95.25058275058275
1	900	1	1101	98.22380106571936
1	282	1	350	94.91356382978725
0	99999999999999999	0	99999999999999999	68.24212271973465
0	99999999999999999	0	99999999999999999	81.52528548123979
0	99999999999999999	1	540	81.54008438818566
1	187	1	191	88.94009216589862
1	171	1	189	89.52380952380952
1	430	1	454	86.71218487394957
1	124	1	247	92.85714285714286
1	201	1	214	95.0
1	141	1	145	86.98830409356725
1	1363	1	1400	98.81959126145173
0	99999999999999999	1	214	92.39583333333334
0	99999999999999999	0	99999999999999999	77.13365539452495
1	428	1	432	85.51630434782608
1	643	1	666	92.21096096096097
0	99999999999999999	1	660	92.58436944937833
0	99999999999999999	1	386	93.62804878048782
0	99999999999999999	1	360	93.14079422382672
1	180	1	184	91.2621359223301
1	173	1	188	93.03571428571429
0	99999999999999999	1	302	91.25
1	306	1	321	94.90606936416184
1	567	1	743	96.35416666666667
0	99999999999999999	0	99999999999999999	72.7347611202636
0	99999999999999999	0	99999999999999999	74.61360123647606
0	99999999999999999	0	99999999999999999	74.2816091954023
1	128	1	132	70.8974358974359
0	99999999999999999	1	130	90.625
0	99999999999999999	1	360	86.0608552631579
1	120	1	255	93.97163120567376
1	307	1	311	89.56489675516225
1	313	1	337	89.6875
1	498	1	502	96.48288973384031
1	247	1	314	95.95808383233532
0	99999999999999999	0	99999999999999999	73.89415481832543
0	99999999999999999	0	99999999999999999	79.56133540372672
0	99999999999999999	0	99999999999999999	85.25593471810089
0	99999999999999999	0	99999999999999999	81.8362480127186
0	99999999999999999	1	360	89.84375
1	193	1	217	93.01020408163265
0	99999999999999999	1	303	93.16770186335404
1	442	1	500	96.15384615384615
0	99999999999999999	1	171	93.26923076923076
1	410	1	433	94.22657952069714
0	99999999999999999	0	99999999999999999	71.61716171617161
0	99999999999999999	1	360	80.61475409836065
0	99999999999999999	1	660	83.23578595317724
1	727	1	731	85.08916776750331
0	99999999999999999	1	360	83.53102189781022
0	99999999999999999	1	435	95.2445652173913
1	390	1	417	92.94943820224718
1	180	1	193	92.96511627906976
0	99999999999999999	1	124	87.66666666666667
1	261	1	276	94.1225165562914
1	352	1	411	95.44151376146789
0	99999999999999999	0	99999999999999999	72.8896103896104
0	99999999999999999	1	360	79.71611721611721
0	99999999999999999	1	480	90.96858638743457
0	99999999999999999	1	360	90.44368600682594
0	99999999999999999	1	600	90.7972440944882
0	99999999999999999	1	360	84.2924528301887
0	99999999999999999	1	360	84.43308550185873
0	99999999999999999	1	456	94.81327800829875
1	225	1	387	89.93975903614457
0	99999999999999999	1	124	88.33333333333334
0	99999999999999999	1	596	98.16532258064517
0	99999999999999999	1	360	76.69354838709677
0	99999999999999999	0	99999999999999999	86.50390625
1	423	1	485	85.44811320754718
0	99999999999999999	1	420	89.72809667673715
0	99999999999999999	1	360	80.0839552238806
1	435	1	462	94.4701646090535
1	489	1	420	93.89591439688716
0	99999999999999999	1	360	89.82084690553746
1	305	1	309	95.18072289156626
0	99999999999999999	1	311	95.4646017699115
1	360	1	374	94.56658291457288
0	99999999999999999	0	99999999999999999	78.1655844155844
0	99999999999999999	0	99999999999999999	78.65353037766832
0	99999999999999999	0	99999999999999999	88.6609907120743
1	419	0	99999999999999999	89.26809210526315
0	99999999999999999	1	480	83.76196172248804
0	99999999999999999	1	397	89.67647058823529
1	180	1	184	86.30653266331657
1	512	1	516	89.93566176470588
1	192	1	196	92.74553571428571
1	214	1	237	92.80155642023345
1	268	1	283	92.20257234726688
1	690	1	703	80.87328767123287
0	99999999999999999	1	600	78.79834254143647
0	99999999999999999	0	99999999999999999	73.35255354200989
0	99999999999999999	0	99999999999999999	82.86830357142857
0	99999999999999999	0	99999999999999999	91.31097560975611
1	402	1	530	93.68231046931407
0	99999999999999999	1	157	88.98648648648648
1	223	1	227	92.9563492063492
1	146	1	193	90.03456221198157
1	193	1	197	94.66743119266054
1	361	1	365	87.95289855072464
0	99999999999999999	0	99999999999999999	74.0924092409241
1	588	1	611	80.80708661417323
0	99999999999999999	1	600	91.19585687382299
0	99999999999999999	1	428	94.57236842105264
1	360	1	376	85.26674937965262
1	242	1	360	93.35443037974683
1	224	1	280	95.08474576271186
0	99999999999999999	1	360	90.63545150501673
0	99999999999999999	1	204	93.4782608695652
1	171	1	184	91.48809523809524
1	125	1	490	97.62254901960786
0	99999999999999999	0	99999999999999999	76.32669983416251
0	99999999999999999	1	480	76.93208430913349
0	99999999999999999	0	99999999999999999	86.69172932330827
1	529	0	99999999999999999	89.36625194401245
1	325	1	329	93.57244318181819
1	398	1	540	83.3686440677966
1	315	1	321	89.08959537572254
1	250	1	281	95.58333333333333
1	130	1	134	84.921875
1	227	1	367	94.56521739130436
1	652	1	668	98.04913294797686
0	99999999999999999	0	99999999999999999	82.6510333863275
0	99999999999999999	1	540	86.40021459227466
0	99999999999999999	1	666	85.18115942028984
0	99999999999999999	1	302	92.98312883435584
1	210	1	234	94.42829457364341
1	369	1	360	91.77710843373494
1	312	1	391	96.09375
1	240	1	260	95.6140350877193
1	124	1	212	94.18103448275862
1	205	1	209	87.84860557768923
0	99999999999999999	0	99999999999999999	75.05751533742333
0	99999999999999999	1	420	73.76373626373625
0	99999999999999999	1	360	83.48214285714285
1	272	1	295	93.5546875
0	99999999999999999	0	99999999999999999	86.94526627218936
1	242	1	360	94.36507936507937
1	200	1	204	92.52183406113537
0	99999999999999999	1	137	94.6875
1	135	1	154	90.83333333333333
1	882	1	906	97.62473460721868
0	99999999999999999	1	171	94.03846153846153
0	99999999999999999	1	360	86.996336996337
0	99999999999999999	0	99999999999999999	80.42890262751159
0	99999999999999999	0	99999999999999999	73.67021276595744
0	99999999999999999	1	409	90.74825986078885
0	99999999999999999	0	99999999999999999	90.2037037037037
0	99999999999999999	1	195	82.82710280373831
1	268	1	282	93.8118811881188
1	135	1	204	93.58695652173913
1	267	1	271	94.08783783783784
1	218	1	231	93.08300395256916
1	287	1	291	94.86970684039089
0	99999999999999999	1	600	79.65779467680609
0	99999999999999999	0	99999999999999999	76.60398230088495
1	528	1	545	85.74561403508771
0	99999999999999999	0	99999999999999999	76.73501577287065
0	99999999999999999	1	570	92.003367003367
1	225	1	229	95.30632411067192
1	242	1	398	96.44138755980862
1	421	1	472	95.47064777327935
1	140	1	160	93.98148148148148
1	189	1	248	89.63754646840148
1	300	1	304	94.84848484848486
0	99999999999999999	0	99999999999999999	70.30254777070064
0	99999999999999999	1	360	79.19611307420496
1	164	1	200	92.26973684210526
0	99999999999999999	1	360	79.0719696969697
0	99999999999999999	1	194	90.43062200956939
1	349	1	363	91.32205513784461
1	243	1	360	86.98248407643312
1	247	1	360	95.39170506912444
0	99999999999999999	1	360	88.63031914893615
1	127	1	454	97.46260683760684
1	181	1	195	90.05681818181819
0	99999999999999999	0	99999999999999999	73.36601307189542
0	99999999999999999	1	555	87.62998266897748
0	99999999999999999	0	99999999999999999	80.68548387096774
0	99999999999999999	1	420	91.71554252199412
0	99999999999999999	1	360	88.68838028169014
1	566	1	570	90.2931854199683
1	233	1	250	86.28355704697985
1	136	1	140	90.32738095238093
1	796	1	800	97.82345828295043
1	117	1	201	94.86607142857143
0	99999999999999999	1	124	88.66666666666667
0	99999999999999999	0	99999999999999999	78.97553516819572
0	99999999999999999	1	360	90.82397003745318
0	99999999999999999	0	99999999999999999	85.78869047619048
0	99999999999999999	1	600	87.14353612167301
0	99999999999999999	1	509	88.96648044692738
0	99999999999999999	1	360	82.2841726618705
0	99999999999999999	1	183	89.4607843137255
1	247	1	251	90.42266187050359
1	538	1	1143	98.31833761782347
0	99999999999999999	1	246	92.92883211678833
0	99999999999999999	1	188	90.11904761904763
0	99999999999999999	0	99999999999999999	68.57610474631751
0	99999999999999999	0	99999999999999999	73.13374805598757
0	99999999999999999	0	99999999999999999	79.43615257048093
0	99999999999999999	0	99999999999999999	81.83279742765272
1	349	1	375	85.14204545454545
1	395	1	861	95.87556306306305
1	230	1	242	88.10185185185186
1	122	1	241	95.30075187969925
0	99999999999999999	1	258	92.65734265734265
1	163	1	184	94.94949494949493
1	180	1	184	95.4490291262136
0	99999999999999999	0	99999999999999999	76.59274193548387
0	99999999999999999	0	99999999999999999	79.03726708074534
0	99999999999999999	0	99999999999999999	87.90518638573745
1	570	1	574	90.42774086378739
1	368	1	382	89.8989898989899
1	191	1	195	89.71590909090908
1	291	1	327	93.853591160221
0	99999999999999999	1	420	87.99846625766871
0	99999999999999999	1	211	90.67887931034483
1	451	1	497	95.25286259541984
1	1064	1	1154	98.4665820642978
0	99999999999999999	0	99999999999999999	79.45544554455446
0	99999999999999999	1	420	89.26380368098161
1	428	1	614	93.01643192488262
0	99999999999999999	1	227	93.30357142857143
1	134	1	138	88.40909090909089
1	303	1	316	92.75147928994085
0	99999999999999999	1	420	88.47543352601156
1	173	1	196	92.13800904977376
1	347	1	394	97.08333333333334
1	408	1	412	98.05882352941177
0	99999999999999999	0	99999999999999999	76.35737439222042
0	99999999999999999	0	99999999999999999	78.84927066450567
0	99999999999999999	1	360	92.70833333333334
1	369	1	394	90.46208530805686
0	99999999999999999	1	600	89.62031558185406
1	236	1	261	92.14912280701753
1	174	1	178	89.82412060301507
1	235	1	239	95.78431372549021
1	161	1	175	93.68622448979593
0	99999999999999999	1	289	94.30732484076432
1	2791	1	2864	98.93129110418832
0	99999999999999999	1	360	84.11654135338345
0	99999999999999999	1	612	85.23264984227129
1	459	1	600	92.3913043478261
1	179	1	183	90.49043062200955
1	375	1	379	82.72673031026252
0	99999999999999999	1	280	92.81561461794021
0	99999999999999999	1	274	94.47278911564626
1	269	1	295	94.453125
1	1200	1	1213	97.72082658022691
1	120	1	124	89.80263157894736
1	225	1	324	96.865889212828
0	99999999999999999	0	99999999999999999	68.63636363636363
0	99999999999999999	0	99999999999999999	74.14860681114551
1	342	1	391	90.80528846153845
0	99999999999999999	0	99999999999999999	85.03846153846155
0	99999999999999999	1	480	92.10992907801419
1	362	1	376	94.2450495049505
0	99999999999999999	1	211	82.76595744680851
1	140	1	360	89.19971671388103
0	99999999999999999	1	360	93.48705501618123
1	188	1	192	89.0340909090909
1	975	1	979	98.55721393034825
0	99999999999999999	0	99999999999999999	80.0580431177446
0	99999999999999999	0	99999999999999999	78.34138486312399
0	99999999999999999	1	540	85.22256728778467
1	577	1	598	91.87500000000001
1	543	1	641	88.80792227204783
0	99999999999999999	1	360	88.51246105919002
1	139	1	143	89.72392638036808
1	373	1	414	95.5949656750572
1	392	1	424	94.45991091314029
1	126	1	263	94.63667820069202
1	373	1	399	94.77699530516432
0	99999999999999999	0	99999999999999999	70.26359143327842
0	99999999999999999	0	99999999999999999	77.88617886178862
0	99999999999999999	0	99999999999999999	78.13473520249221
0	99999999999999999	1	360	79.37262357414448
1	179	1	211	93.32264957264958
1	353	1	367	93.00254452926208
1	180	1	184	90.81753554502369
0	99999999999999999	1	277	94.70338983050846
1	116	1	143	89.75903614457832
1	294	1	307	94.3216463414634
0	99999999999999999	1	223	92.34693877551021
0	99999999999999999	0	99999999999999999	79.33799342105263
0	99999999999999999	0	99999999999999999	74.4865718799368
0	99999999999999999	0	99999999999999999	77.97067901234567
1	420	1	660	88.35089141004862
1	196	1	709	96.2347354138399
1	325	1	338	91.97916666666666
1	182	1	186	88.51674641148324
1	244	1	392	92.53012048192771
1	194	1	223	87.9610655737705
1	189	1	217	91.22448979591836
1	204	1	237	90.60114503816793
0	99999999999999999	0	99999999999999999	67.28547854785478
0	99999999999999999	0	99999999999999999	77.99377916018662
0	99999999999999999	1	360	81.20335820895522
0	99999999999999999	0	99999999999999999	86.2992125984252
1	480	1	514	93.43575418994412
1	330	1	344	96.77762039660055
1	122	1	204	95.96412556053812
1	317	1	321	96.65697674418605
1	646	1	650	97.63313609467454
1	205	1	209	93.50436681222708
1	166	1	170	92.59259259259258
0	99999999999999999	0	99999999999999999	85.34201954397395
0	99999999999999999	0	99999999999999999	71.21684867394696
0	99999999999999999	0	99999999999999999	80.6799336650083
0	99999999999999999	1	480	95.09283819628646
0	99999999999999999	1	360	72.28084415584416
0	99999999999999999	0	99999999999999999	90.31968390804597
1	209	1	213	91.82291666666666
1	191	1	195	89.58333333333333
1	264	1	268	82.40181268882175
1	150	1	154	79.08653846153845
1	699	1	703	97.66162310866575
0	99999999999999999	0	99999999999999999	70.37953795379538
0	99999999999999999	1	360	74.19201520912547
0	99999999999999999	0	99999999999999999	83.68878357030016
0	99999999999999999	0	99999999999999999	92.80179445350734
0	99999999999999999	1	444	94.50636942675159
1	218	1	222	91.51234567901236
1	206	1	232	90.63725490196079
0	99999999999999999	1	420	80.15498652291106
1	349	1	409	94.79405034324941
1	1328	1	1332	98.82005899705015
1	553	1	557	96.63628472222224
0	99999999999999999	0	99999999999999999	70.02427184466019
0	99999999999999999	1	420	89.96212121212122
0	99999999999999999	0	99999999999999999	85.1978998384491
1	408	1	438	92.75323275862068
1	309	1	313	88.77245508982037
0	99999999999999999	1	149	87.64367816091955
1	233	1	315	90.68113772455091
1	234	1	238	91.41221374045801
1	321	1	338	95.61095505617978
1	273	1	290	95.53571428571429
1	456	1	599	97.55999999999999
0	99999999999999999	0	99999999999999999	81.64808917197452
0	99999999999999999	0	99999999999999999	79.29273827534038
0	99999999999999999	0	99999999999999999	83.76150306748465
0	99999999999999999	0	99999999999999999	83.90302066772654
0	99999999999999999	1	546	90.17543859649123
1	261	1	265	86.5625
1	256	1	313	94.02654867256638
1	262	1	280	95.08474576271183
1	293	1	297	94.67592592592592
1	214	1	270	94.89795918367348
1	346	1	350	94.51634877384197
0	99999999999999999	0	99999999999999999	80.11182108626198
0	99999999999999999	0	99999999999999999	79.91573033707864
0	99999999999999999	0	99999999999999999	74.46102819237149
0	99999999999999999	1	185	90.43427230046949
1	223	1	251	90.95940959409594
0	99999999999999999	1	360	86.25
0	99999999999999999	1	366	92.66581632653062
1	554	1	569	96.61764705882352
1	465	1	565	97.15619694397283
0	99999999999999999	1	684	97.16149506346967
1	102	1	463	97.55154639175258
0	99999999999999999	0	99999999999999999	76.44151565074135
0	99999999999999999	1	612	88.87362637362638
0	99999999999999999	0	99999999999999999	82.55718954248367
1	424	1	600	92.51893939393939
1	370	1	374	96.1466165413534
1	687	1	711	91.6044776119403
1	381	1	394	96.45476772616136
1	197	1	212	93.5126582278481
1	242	1	256	91.02112676056339
1	500	1	543	97.31040564373897
1	475	1	578	96.52317880794702
0	99999999999999999	0	99999999999999999	86.10899390243902
0	99999999999999999	0	99999999999999999	74.83471074380165
0	99999999999999999	1	202	92.16666666666666
1	173	1	189	87.55813953488372
1	266	1	349	95.88948787061994
0	99999999999999999	1	420	82.00549450549451
1	223	1	244	90.50925925925927
1	392	1	406	93.34490740740742
1	200	1	204	88.04347826086956
1	240	1	244	91.31433823529412
0	99999999999999999	1	669	98.28890489913545
0	99999999999999999	0	99999999999999999	69.17202572347267
0	99999999999999999	0	99999999999999999	77.56116207951071
0	99999999999999999	0	99999999999999999	86.07253086419755
0	99999999999999999	0	99999999999999999	85.17117834394905
0	99999999999999999	0	99999999999999999	90.1457055214724
1	225	1	244	84.62460063897763
1	221	1	561	96.41323024054981
1	501	1	420	93.62612612612614
1	221	1	235	92.98076923076923
1	175	1	204	89.5021645021645
1	205	1	254	93.90569395017793
0	99999999999999999	0	99999999999999999	70.5327868852459
0	99999999999999999	0	99999999999999999	79.56219312602292
0	99999999999999999	0	99999999999999999	91.31889763779527
1	240	1	360	82.79742765273313
1	242	1	246	93.19029850746269
1	348	1	379	86.16780045351476
0	99999999999999999	1	129	90.04777070063695
1	322	1	380	95.09925558312655
1	264	1	268	94.7844827586207
1	346	1	373	97.03282828282828
0	99999999999999999	0	99999999999999999	71.49917627677101
0	99999999999999999	0	99999999999999999	89.96124031007751
1	366	1	370	82.74940617577197
0	99999999999999999	0	99999999999999999	86.01726726726726
1	586	1	610	89.74409448818899
1	435	1	477	95.45682730923696
1	200	1	238	92.99242424242425
1	163	1	167	90.59210526315789
1	342	1	450	97.16631355932203
1	120	1	158	92.63888888888889
1	466	1	499	96.04761904761904
