0	99999999999999999	0	99999999999999999	77.88617886178862
0	99999999999999999	1	480	90.79949238578679
0	99999999999999999	0	99999999999999999	87.92217327459619
0	99999999999999999	1	360	95.96456692913387
0	99999999999999999	1	360	94.57142857142858
1	288	1	394	91.33928571428571
1	406	1	411	97.21244131455401
0	99999999999999999	1	153	84.22029702970298
0	99999999999999999	1	360	96.94719471947195
0	99999999999999999	1	198	79.82954545454545
0	99999999999999999	0	99999999999999999	74.72044728434507
0	99999999999999999	0	99999999999999999	80.87591240875912
0	99999999999999999	0	99999999999999999	85.35548686244205
0	99999999999999999	0	99999999999999999	87.95888399412628
0	99999999999999999	1	135	86.579754601227
1	177	1	269	88.88888888888889
0	99999999999999999	1	318	82.84883720930233
1	688	1	360	98.88059701492539
1	386	1	360	96.83257918552036
0	99999999999999999	1	324	89.4092219020173
0	99999999999999999	1	248	93.75
0	99999999999999999	0	99999999999999999	71.93798449612403
0	99999999999999999	0	99999999999999999	78.28638497652582
0	99999999999999999	1	420	84.08088235294117
0	99999999999999999	0	99999999999999999	85.93508500772798
0	99999999999999999	1	422	82.11451247165533
1	256	1	483	97.15909090909092
0	99999999999999999	1	192	82.48847926267281
1	279	1	439	96.65226781857453
0	99999999999999999	1	360	97.11981566820275
0	99999999999999999	1	161	91.16847826086956
1	485	1	540	97.46168582375479
0	99999999999999999	1	360	74.4811320754717
0	99999999999999999	0	99999999999999999	76.2003311258278
1	458	1	462	82.89877300613497
1	226	1	243	89.76851851851852
1	438	1	540	87.68817204301077
0	99999999999999999	1	140	83.53293413173652
0	99999999999999999	1	343	82.36607142857143
0	99999999999999999	1	183	90.33816425120773
0	99999999999999999	1	360	98.07318652849742
1	465	1	469	96.01814516129033
1	937	1	360	97.81879194630872
0	99999999999999999	0	99999999999999999	79.56692913385828
0	99999999999999999	0	99999999999999999	75.31948881789137
0	99999999999999999	0	99999999999999999	83.43949044585987
1	179	1	184	79.15
0	99999999999999999	1	129	85.60855263157895
1	202	1	206	81.57894736842105
0	99999999999999999	1	360	91.27906976744187
1	425	1	360	96.68989547038328
1	268	1	532	97.82315978456015
0	99999999999999999	1	352	95.13513513513514
0	99999999999999999	1	130	79.93055555555556
0	99999999999999999	0	99999999999999999	73.21428571428572
0	99999999999999999	0	99999999999999999	79.45705024311182
0	99999999999999999	0	99999999999999999	83.51239669421487
0	99999999999999999	0	99999999999999999	87.92466765140324
0	99999999999999999	1	540	87.32394366197184
0	99999999999999999	1	182	93.37871287128714
1	203	1	207	91.77631578947368
1	246	1	344	96.35558583106265
0	99999999999999999	1	360	84.36657681940702
1	230	1	360	91.76912568306011
1	749	1	480	98.7876935615322
0	99999999999999999	0	99999999999999999	72.18649517684887
0	99999999999999999	0	99999999999999999	67.68092105263159
1	572	1	576	88.68852459016394
0	99999999999999999	1	629	93.27223088923557
0	99999999999999999	1	480	91.7849344978166
0	99999999999999999	1	123	75.50872093023256
1	249	1	253	90.25800711743771
1	237	1	241	91.05113636363636
1	492	1	360	95.2570093457944
0	99999999999999999	1	420	96.47295321637426
0	99999999999999999	1	175	91.7098445595855
0	99999999999999999	0	99999999999999999	74.22764227642277
0	99999999999999999	0	99999999999999999	82.98929663608564
0	99999999999999999	1	540	81.0646186440678
0	99999999999999999	1	270	90.45138888888889
0	99999999999999999	1	171	94.20103092783506
0	99999999999999999	1	360	79.3859649122807
1	201	1	205	94.27777777777779
0	99999999999999999	1	201	85.04464285714285
0	99999999999999999	1	360	93.4984520123839
0	99999999999999999	1	360	97.52834868887312
1	450	1	454	95.3092243186583
0	99999999999999999	0	99999999999999999	79.99219968798752
0	99999999999999999	0	99999999999999999	79.21779141104294
1	125	1	129	75.00000000000001
0	99999999999999999	1	161	92.62295081967213
1	178	1	192	76.2448132780083
1	187	1	191	88.98401826484017
0	99999999999999999	1	156	93.40277777777777
1	239	1	245	81.16935483870968
1	454	1	462	96.60269709543569
0	99999999999999999	1	360	92.7526595744681
0	99999999999999999	1	194	81.0576923076923
0	99999999999999999	0	99999999999999999	84.3557098765432
0	99999999999999999	1	600	79.84344422700588
0	99999999999999999	0	99999999999999999	90.52262090483619
1	308	1	312	89.49548192771084
0	99999999999999999	0	99999999999999999	85.55640243902441
1	268	1	272	93.96404109589041
0	99999999999999999	1	291	94.64285714285715
1	413	1	360	94.9688796680498
1	492	1	1005	98.6219512195122
0	99999999999999999	1	257	93.35106382978724
1	2788	1	3972	99.66554138534634
0	99999999999999999	0	99999999999999999	80.07751937984496
0	99999999999999999	0	99999999999999999	83.98499210110585
0	99999999999999999	0	99999999999999999	81.49300155520996
0	99999999999999999	1	315	80.66465256797584
1	149	1	162	80.22727272727273
0	99999999999999999	1	337	95.20833333333333
0	99999999999999999	1	326	90.14830508474577
1	323	1	360	96.08990147783251
0	99999999999999999	1	170	78.44279661016948
1	122	1	137	89.32926829268293
1	505	1	509	96.98598130841123
0	99999999999999999	0	99999999999999999	69.015522875817
0	99999999999999999	0	99999999999999999	81.65289256198346
0	99999999999999999	0	99999999999999999	80.62700964630226
1	688	1	701	90.51020408163265
0	99999999999999999	1	583	94.51718494271687
1	279	1	283	91.50485436893204
1	268	1	360	92.8225806451613
0	99999999999999999	1	360	97.34206471494606
0	99999999999999999	1	463	96.90721649484536
0	99999999999999999	1	189	90.52325581395348
1	682	1	360	97.43288590604027
0	99999999999999999	1	551	90.56479859894921
0	99999999999999999	1	543	85.03954305799648
0	99999999999999999	0	99999999999999999	76.015625
0	99999999999999999	1	134	86.5566037735849
0	99999999999999999	1	360	74.34895833333333
0	99999999999999999	1	360	89.1304347826087
1	261	1	360	87.5
1	256	1	260	94.05594405594404
0	99999999999999999	1	132	70.89646464646464
0	99999999999999999	1	360	97.57281553398059
0	99999999999999999	1	360	99.7229916897507
0	99999999999999999	0	99999999999999999	79.0725806451613
0	99999999999999999	0	99999999999999999	76.30505709624795
0	99999999999999999	1	149	83.31151832460733
1	495	1	499	91.16666666666666
0	99999999999999999	1	360	71.84426229508196
1	431	1	435	94.83695652173913
1	161	1	165	91.84491978609626
1	165	1	196	88.13559322033899
1	238	1	242	94.17293233082708
0	99999999999999999	1	360	97.43589743589743
1	287	1	360	99.65741543798786
0	99999999999999999	0	99999999999999999	78.94524959742351
0	99999999999999999	1	420	83.9389534883721
1	553	1	568	83.19805194805193
0	99999999999999999	0	99999999999999999	86.60322108345535
0	99999999999999999	0	99999999999999999	78.5216718266254
0	99999999999999999	1	360	89.93399339933993
0	99999999999999999	1	360	88.74643874643876
0	99999999999999999	1	369	90.17857142857143
0	99999999999999999	1	267	92.13917525773196
1	312	1	316	96.00439882697947
0	99999999999999999	1	360	94.70443349753695
0	99999999999999999	0	99999999999999999	80.66561014263075
0	99999999999999999	0	99999999999999999	81.30182421227198
0	99999999999999999	0	99999999999999999	83.64600326264272
0	99999999999999999	0	99999999999999999	90.37136294027565
0	99999999999999999	1	360	88.84099616858238
0	99999999999999999	1	309	91.66666666666667
0	99999999999999999	1	360	88.671875
1	218	1	222	93.15352697095436
1	240	1	360	93.938127090301
1	368	1	373	94.9501246882793
1	232	1	236	85.4020979020979
0	99999999999999999	0	99999999999999999	65.6456953642384
0	99999999999999999	0	99999999999999999	85.77724358974359
0	99999999999999999	0	99999999999999999	87.93789808917197
1	481	1	485	84.7953216374269
0	99999999999999999	1	480	94.88764044943821
1	468	1	472	92.36391129032258
0	99999999999999999	1	187	88.27380952380952
1	296	1	300	95.04716981132076
1	131	1	169	91.0076530612245
0	99999999999999999	1	1370	98.53361945636622
0	99999999999999999	1	138	82.37704918032787
0	99999999999999999	0	99999999999999999	78.81832797427653
0	99999999999999999	0	99999999999999999	74.83471074380166
0	99999999999999999	0	99999999999999999	82.19584569732937
0	99999999999999999	1	540	82.0754716981132
0	99999999999999999	1	420	83.5140306122449
1	167	1	217	93.33677685950414
0	99999999999999999	1	204	88.4572072072072
1	197	1	201	91.32978723404257
1	924	1	360	98.408203125
0	99999999999999999	1	1251	96.32240853658536
0	99999999999999999	1	359	94.921875
0	99999999999999999	0	99999999999999999	73.89415481832545
0	99999999999999999	0	99999999999999999	76.65322580645162
0	99999999999999999	1	248	85.83333333333333
0	99999999999999999	0	99999999999999999	79.8320895522388
1	545	0	99999999999999999	89.08914728682171
0	99999999999999999	1	125	86.74999999999999
1	169	1	197	93.52477477477478
0	99999999999999999	1	194	93.66515837104073
0	99999999999999999	1	134	76.31909547738694
0	99999999999999999	1	333	94.22535211267603
0	99999999999999999	1	360	99.73908918406073
0	99999999999999999	0	99999999999999999	81.88816855753646
0	99999999999999999	0	99999999999999999	83.98373983739837
0	99999999999999999	0	99999999999999999	76.4589905362776
1	645	1	649	86.63091715976331
0	99999999999999999	1	183	84.85991379310346
0	99999999999999999	1	382	91.40049140049139
1	302	1	360	94.311377245509
0	99999999999999999	1	152	78.42548076923077
0	99999999999999999	1	239	83.02675585284281
1	345	1	360	97.41379310344828
0	99999999999999999	1	223	96.94206008583691
0	99999999999999999	0	99999999999999999	67.41071428571429
0	99999999999999999	1	360	72.31848184818482
0	99999999999999999	0	99999999999999999	85.7772435897436
0	99999999999999999	1	194	87.60917030567684
0	99999999999999999	1	287	93.34935897435898
1	218	1	360	87.68587360594795
1	215	1	245	93.75
0	99999999999999999	1	420	90.3061224489796
1	313	1	360	93.82142857142857
0	99999999999999999	1	360	93.05555555555557
1	4693	1	4933	99.745001009897
0	99999999999999999	0	99999999999999999	67.61102603369066
0	99999999999999999	0	99999999999999999	78.46774193548387
1	450	1	540	94.74637681159419
1	395	1	480	94.35975609756098
0	99999999999999999	1	173	86.35321100917432
0	99999999999999999	1	150	79.92424242424242
1	309	1	313	95.09063444108762
1	348	1	352	94.27631578947368
0	99999999999999999	1	420	97.6528384279476
0	99999999999999999	1	360	96.33977900552486
0	99999999999999999	1	360	97.69144144144144
0	99999999999999999	0	99999999999999999	76.73501577287065
0	99999999999999999	0	99999999999999999	81.61654135338347
0	99999999999999999	1	560	80.66835871404399
0	99999999999999999	1	600	84.31372549019608
0	99999999999999999	1	420	94.50402144772119
0	99999999999999999	1	360	91.86698717948717
1	291	1	360	93.23899371069182
0	99999999999999999	1	360	93.6111111111111
1	262	1	360	88.90675241157557
0	99999999999999999	1	137	73.9375
0	99999999999999999	1	360	97.36842105263158
0	99999999999999999	0	99999999999999999	83.03425774877651
0	99999999999999999	1	360	78.70521172638436
0	99999999999999999	0	99999999999999999	82.21311475409836
0	99999999999999999	0	99999999999999999	71.41167192429022
0	99999999999999999	1	306	87.04407294832826
0	99999999999999999	1	142	86.29261363636364
0	99999999999999999	1	420	87.53263707571801
1	277	1	360	95.3125
0	99999999999999999	1	360	96.29277566539925
1	246	1	360	92.93130990415334
1	185	1	191	80.37109375
0	99999999999999999	0	99999999999999999	84.92706645056725
0	99999999999999999	0	99999999999999999	81.70144462279293
0	99999999999999999	1	360	71.08085808580859
1	220	1	287	92.95382165605095
1	446	1	540	86.91060903732811
0	99999999999999999	1	183	88.17401960784314
1	220	1	224	92.48007968127489
0	99999999999999999	1	360	94.2612137203166
1	640	1	540	98.27586206896551
0	99999999999999999	1	360	92.79538904899135
1	220	1	841	98.419373549884
0	99999999999999999	0	99999999999999999	77.09984152139462
0	99999999999999999	0	99999999999999999	77.57048092868989
1	451	1	455	81.92708333333333
1	234	1	360	93.86363636363636
0	99999999999999999	1	360	82.63636363636363
0	99999999999999999	1	360	81.90909090909092
1	243	1	247	95.36363636363636
0	99999999999999999	1	360	86.50684931506848
1	296	1	360	95.32051282051282
1	180	1	184	90.01196172248804
1	793	1	360	97.65804597701148
0	99999999999999999	0	99999999999999999	71.97346600331676
0	99999999999999999	0	99999999999999999	80.05110062893081
1	278	1	282	86.84853420195438
0	99999999999999999	1	139	77.48724489795919
0	99999999999999999	1	377	92.19527363184079
0	99999999999999999	1	420	90.23536895674302
1	300	1	420	95.51569506726457
1	306	1	360	94.86301369863014
0	99999999999999999	1	360	97.03065134099619
1	159	1	387	96.16788321167883
0	99999999999999999	1	360	98.33061889250814
1	369	1	373	85.23299748110831
1	448	1	452	81.8516699410609
0	99999999999999999	0	99999999999999999	77.86290322580646
0	99999999999999999	1	199	80.73308270676692
1	191	1	195	89.85849056603776
0	99999999999999999	1	244	92.67723880597015
1	299	1	303	92.22136222910217
0	99999999999999999	1	161	85.06097560975608
0	99999999999999999	1	172	80.0
0	99999999999999999	1	360	98.98989898989898
0	99999999999999999	1	162	90.54232804232804
0	99999999999999999	0	99999999999999999	77.42200328407225
0	99999999999999999	1	613	84.04968454258675
0	99999999999999999	1	292	87.97318611987383
0	99999999999999999	1	360	90.17857142857143
0	99999999999999999	1	620	93.7791601866252
1	159	1	163	83.64928909952607
0	99999999999999999	1	372	89.96835443037976
1	396	1	400	93.80980861244018
1	324	1	360	96.68114143920596
1	712	1	716	97.75641025641025
0	99999999999999999	1	838	98.43387470997679
0	99999999999999999	1	360	83.15018315018314
0	99999999999999999	0	99999999999999999	80.62700964630224
0	99999999999999999	1	360	82.21947194719472
0	99999999999999999	1	360	82.08333333333334
0	99999999999999999	1	480	74.37965260545906
0	99999999999999999	1	208	90.53191489361703
1	273	1	277	91.6095890410959
0	99999999999999999	1	360	72.31848184818483
1	379	1	392	90.19444444444446
0	99999999999999999	1	240	97.02380952380952
0	99999999999999999	1	360	95.47280593325092
0	99999999999999999	0	99999999999999999	74.91961414790997
1	190	1	194	85.9090909090909
0	99999999999999999	0	99999999999999999	79.87117552334944
0	99999999999999999	1	660	89.99189627228526
0	99999999999999999	1	244	84.32904411764706
0	99999999999999999	1	216	91.18589743589743
0	99999999999999999	1	126	81.67613636363636
1	245	1	250	80.37974683544304
0	99999999999999999	1	156	86.63793103448276
0	99999999999999999	1	360	97.26562500000001
1	180	1	198	83.3167330677291
0	99999999999999999	0	99999999999999999	70.96394984326018
1	682	1	686	83.66197183098592
0	99999999999999999	1	242	89.75563909774436
0	99999999999999999	1	360	88.68865030674846
1	148	1	152	82.69704433497537
0	99999999999999999	1	280	90.90909090909092
1	207	1	366	93.20231958762886
1	264	1	360	96.26811594202897
0	99999999999999999	1	198	90.43141592920354
1	345	1	386	95.4326923076923
0	99999999999999999	1	360	98.15436241610739
0	99999999999999999	0	99999999999999999	75.70480928689884
0	99999999999999999	0	99999999999999999	71.73553719008264
1	273	1	360	86.86305732484077
1	190	1	194	91.28959276018101
1	241	1	360	92.4917491749175
0	99999999999999999	1	190	91.47196261682242
0	99999999999999999	1	182	88.08139534883722
0	99999999999999999	1	339	93.31476323119776
0	99999999999999999	1	360	95.3125
1	259	1	376	96.2719298245614
0	99999999999999999	1	360	95.56613226452905
0	99999999999999999	0	99999999999999999	71.21815286624205
0	99999999999999999	0	99999999999999999	75.08090614886731
0	99999999999999999	0	99999999999999999	90.08130081300813
0	99999999999999999	0	99999999999999999	84.5873786407767
0	99999999999999999	1	253	77.30891719745223
0	99999999999999999	0	99999999999999999	87.98652694610777
1	431	1	540	93.43085106382978
1	308	1	360	93.0316091954023
0	99999999999999999	1	360	92.8082191780822
1	294	1	298	94.94514106583073
0	99999999999999999	1	360	98.26906222611746
1	368	1	372	80.23182957393483
1	359	1	480	81.48379052369079
0	99999999999999999	0	99999999999999999	70.0
0	99999999999999999	1	360	91.0017730496454
1	276	1	299	87.13556851311954
1	427	1	420	95.52631578947368
0	99999999999999999	1	145	80.05181347150258
0	99999999999999999	1	360	97.5609756097561
1	386	1	420	93.64896073903002
0	99999999999999999	1	244	92.3872180451128
0	99999999999999999	1	360	97.6159793814433
0	99999999999999999	0	99999999999999999	76.9168026101142
0	99999999999999999	1	360	64.8927392739274
0	99999999999999999	1	432	88.50308641975309
0	99999999999999999	0	99999999999999999	85.12096774193549
0	99999999999999999	1	366	91.05329949238578
1	209	1	222	92.35537190082644
0	99999999999999999	1	360	92.11647727272728
1	247	1	251	92.7346570397112
1	300	1	304	96.12730061349693
1	412	1	480	98.3044733044733
1	214	1	738	98.23066841415465
0	99999999999999999	0	99999999999999999	78.9156626506024
0	99999999999999999	0	99999999999999999	78.66100323624595
0	99999999999999999	0	99999999999999999	84.53947368421053
0	99999999999999999	1	132	88.30645161290322
1	362	1	366	89.3542199488491
0	99999999999999999	1	360	84.48844884488449
1	190	1	276	95.36423841059603
0	99999999999999999	1	163	87.16755319148935
1	186	1	190	87.91666666666666
1	715	1	719	97.18120805369128
0	99999999999999999	1	240	94.58174904942965
0	99999999999999999	0	99999999999999999	74.09240924092408
0	99999999999999999	0	99999999999999999	77.1864686468647
1	603	1	616	91.02414330218068
0	99999999999999999	1	411	82.85876993166286
0	99999999999999999	1	212	88.4937238493724
1	232	1	236	94.25675675675676
1	363	1	480	92.88413098236776
1	358	1	362	95.12820512820512
1	288	1	360	95.19736842105263
1	2198	1	2569	99.40751445086705
1	433	1	461	93.70039682539682
0	99999999999999999	0	99999999999999999	87.07592891760903
0	99999999999999999	0	99999999999999999	69.71804511278195
1	328	1	332	85.39855072463769
0	99999999999999999	1	420	82.10227272727272
1	250	1	360	77.51623376623378
0	99999999999999999	1	163	78.21261682242991
0	99999999999999999	1	203	91.6304347826087
1	232	1	360	89.1826923076923
0	99999999999999999	1	407	96.35294117647057
0	99999999999999999	1	360	98.37948395217119
1	1441	1	1446	98.57142857142857
0	99999999999999999	0	99999999999999999	73.62903225806453
0	99999999999999999	0	99999999999999999	81.07199367088607
1	300	1	304	91.23867069486403
1	458	1	462	87.31884057971016
1	785	1	798	89.5
0	99999999999999999	1	427	87.19574036511156
0	99999999999999999	1	249	84.25751879699249
1	205	1	209	92.92553191489361
0	99999999999999999	1	423	95.49776286353467
1	437	1	360	97.22900390625
0	99999999999999999	1	138	90.04629629629629
0	99999999999999999	0	99999999999999999	75.45454545454545
0	99999999999999999	1	446	84.21442687747034
0	99999999999999999	0	99999999999999999	85.12461059190032
0	99999999999999999	1	133	80.76923076923077
0	99999999999999999	1	480	81.43115942028986
1	192	1	247	90.46532846715328
1	185	1	189	94.64285714285714
0	99999999999999999	1	156	75.87209302325581
0	99999999999999999	1	360	98.26923076923077
1	314	1	1069	99.07449725776965
1	11408	1	11652	99.89932310855966
0	99999999999999999	0	99999999999999999	80.28052805280528
0	99999999999999999	0	99999999999999999	86.00323624595471
0	99999999999999999	1	434	79.25475687103595
0	99999999999999999	0	99999999999999999	88.56466876971609
0	99999999999999999	1	360	86.09215017064847
0	99999999999999999	1	420	92.14352720450282
0	99999999999999999	1	288	93.14903846153845
1	207	1	360	90.929203539823
1	439	1	443	96.99468085106383
0	99999999999999999	1	360	96.90669371196755
1	233	1	1374	98.87660485021397
0	99999999999999999	0	99999999999999999	79.88505747126436
0	99999999999999999	1	360	62.41749174917491
1	420	1	446	84.62321792260691
0	99999999999999999	1	262	91.30993150684932
0	99999999999999999	0	99999999999999999	87.72388059701493
1	316	1	320	90.99264705882352
1	218	1	222	89.25
0	99999999999999999	1	360	96.93436960276338
1	192	1	360	93.26117318435755
0	99999999999999999	1	360	95.49180327868852
0	99999999999999999	1	360	96.59506398537476
0	99999999999999999	0	99999999999999999	73.29376854599406
0	99999999999999999	1	303	79.75077881619937
1	678	1	692	84.14879356568365
1	511	1	515	88.04245283018868
0	99999999999999999	1	360	94.0721649484536
1	335	1	420	95.95930232558139
0	99999999999999999	1	180	81.6017316017316
1	226	1	310	95.79613095238096
0	99999999999999999	1	289	85.6638418079096
0	99999999999999999	1	360	97.02211126961483
0	99999999999999999	1	274	95.40562913907286
0	99999999999999999	0	99999999999999999	81.94444444444444
0	99999999999999999	1	436	72.39478957915833
0	99999999999999999	0	99999999999999999	82.6028963414634
0	99999999999999999	1	128	73.1958762886598
0	99999999999999999	1	480	84.96420047732697
0	99999999999999999	1	185	88.56132075471699
0	99999999999999999	1	420	94.63315217391303
1	293	1	526	97.22472924187727
0	99999999999999999	1	128	88.12893081761007
0	99999999999999999	1	133	82.61173184357541
1	1948	1	2491	99.50357426528991
0	99999999999999999	0	99999999999999999	73.72742200328406
0	99999999999999999	1	488	86.94282945736434
0	99999999999999999	1	363	86.00649350649353
1	197	1	201	92.76315789473684
0	99999999999999999	1	420	97.06546275395034
1	145	1	161	79.45601851851852
0	99999999999999999	1	420	94.55472103004293
0	99999999999999999	1	131	84.04088050314465
1	229	1	348	95.43010752688173
1	180	1	380	96.58251231527093
1	321	1	325	94.7088068181818
0	99999999999999999	0	99999999999999999	67.39669421487604
0	99999999999999999	0	99999999999999999	80.86319218241043
0	99999999999999999	1	407	77.21445221445221
0	99999999999999999	1	360	84.76307189542482
0	99999999999999999	1	441	90.11506276150627
0	99999999999999999	1	213	90.3072033898305
0	99999999999999999	1	441	91.52452025586352
1	303	1	360	94.90997229916897
1	360	1	360	96.13746958637469
0	99999999999999999	1	360	98.42081850533808
0	99999999999999999	1	360	97.7360681114551
0	99999999999999999	0	99999999999999999	75.66096423017107
0	99999999999999999	0	99999999999999999	83.51239669421489
0	99999999999999999	0	99999999999999999	84.8111658456486
1	546	1	550	91.08996539792389
1	167	1	206	93.50649350649351
0	99999999999999999	1	420	92.89634146341464
0	99999999999999999	1	360	96.10705596107057
0	99999999999999999	1	240	93.93796992481202
1	154	1	211	94.14225941422595
1	362	1	360	95.60439560439562
1	2534	1	2538	99.19621979734995
0	99999999999999999	0	99999999999999999	80.32659409020218
0	99999999999999999	0	99999999999999999	83.7826797385621
0	99999999999999999	1	360	84.63636363636363
1	542	1	555	79.52868852459017
1	247	1	251	94.24528301886792
0	99999999999999999	0	99999999999999999	87.07592891760906
0	99999999999999999	1	160	88.52459016393443
0	99999999999999999	1	360	92.44868035190616
1	161	1	347	97.08104395604394
0	99999999999999999	1	420	96.44870349492672
0	99999999999999999	1	360	97.16638152266896
0	99999999999999999	0	99999999999999999	77.25806451612902
0	99999999999999999	0	99999999999999999	84.25324675324676
0	99999999999999999	0	99999999999999999	85.5674342105263
0	99999999999999999	0	99999999999999999	91.25
1	398	1	402	94.29411764705881
0	99999999999999999	1	420	90.88983050847457
0	99999999999999999	1	540	96.0195530726257
1	193	1	213	86.96808510638299
1	303	1	360	96.33584589614739
1	626	1	600	98.74371859296483
1	169	1	278	94.86754966887418
0	99999999999999999	0	99999999999999999	78.29489291598023
0	99999999999999999	0	99999999999999999	77.99377916018662
0	99999999999999999	0	99999999999999999	86.68650793650795
0	99999999999999999	1	632	87.92372881355932
0	99999999999999999	1	250	82.7323717948718
0	99999999999999999	1	242	91.50943396226415
1	360	1	420	89.96519721577727
1	196	1	200	92.7455357142857
0	99999999999999999	1	241	95.36679536679536
0	99999999999999999	1	150	83.22704081632654
0	99999999999999999	0	99999999999999999	72.8896103896104
0	99999999999999999	0	99999999999999999	73.1570512820513
0	99999999999999999	1	242	84.72222222222223
1	264	1	360	96.06109324758842
0	99999999999999999	1	360	92.23484848484848
1	263	1	360	92.61744966442954
0	99999999999999999	1	164	90.20270270270271
1	129	1	139	89.48170731707316
0	99999999999999999	1	420	97.0
0	99999999999999999	1	360	95.83333333333333
0	99999999999999999	1	1591	98.79807692307692
0	99999999999999999	0	99999999999999999	79.98046875
0	99999999999999999	0	99999999999999999	82.36245954692556
0	99999999999999999	1	271	88.92241379310346
0	99999999999999999	0	99999999999999999	87.78757668711657
0	99999999999999999	1	581	93.43185550082102
1	247	1	360	92.66014234875445
1	353	1	480	91.04859335038363
1	300	1	304	94.09298780487805
0	99999999999999999	1	299	94.57186544342507
1	804	1	360	98.01633605600935
0	99999999999999999	1	360	98.28546307151231
0	99999999999999999	0	99999999999999999	73.48966613672496
0	99999999999999999	0	99999999999999999	84.40902021772939
1	120	1	124	72.51344086021506
0	99999999999999999	1	360	78.6371237458194
0	99999999999999999	0	99999999999999999	86.89781021897812
1	289	1	360	94.20180722891567
0	99999999999999999	1	360	93.22493224932249
1	280	1	360	92.78350515463919
1	345	1	420	93.40369393139841
1	219	1	223	95.81567796610169
0	99999999999999999	1	2724	99.50711938663747
0	99999999999999999	0	99999999999999999	73.86731391585761
0	99999999999999999	1	360	74.79372937293729
0	99999999999999999	0	99999999999999999	84.05737704918033
1	249	1	360	84.79241877256318
0	99999999999999999	1	259	92.80701754385964
1	338	1	342	93.90495867768594
1	215	1	259	93.70535714285714
1	353	1	357	95.4485488126649
0	99999999999999999	1	360	96.12892223738065
0	99999999999999999	1	207	92.87234042553192
0	99999999999999999	1	360	98.13976377952756
0	99999999999999999	0	99999999999999999	69.87603305785125
0	99999999999999999	0	99999999999999999	92.10626911314986
0	99999999999999999	1	360	68.70941558441558
0	99999999999999999	1	660	90.08105802047783
0	99999999999999999	1	480	83.67283950617283
0	99999999999999999	1	360	89.96138996138997
1	241	1	245	95.24253731343282
1	222	1	226	91.31944444444444
1	298	1	360	97.74826789838336
1	249	1	342	96.08310626702998
1	1233	1	600	99.29602460955988
0	99999999999999999	0	99999999999999999	75.70480928689884
0	99999999999999999	0	99999999999999999	75.02072968490879
0	99999999999999999	1	600	84.95722433460075
0	99999999999999999	1	186	83.64928909952607
1	379	1	420	91.57608695652175
1	319	1	420	92.70833333333333
1	349	1	353	93.17585301837269
1	386	1	390	94.93827160493827
1	329	1	334	96.483286908078
1	163	1	217	93.85245901639344
0	99999999999999999	1	182	78.98406374501992
0	99999999999999999	1	480	74.73277909738718
0	99999999999999999	0	99999999999999999	79.13934426229508
0	99999999999999999	1	254	81.70620437956205
0	99999999999999999	1	360	88.61524163568772
0	99999999999999999	1	246	85.35583941605839
0	99999999999999999	1	123	84.12162162162161
0	99999999999999999	1	175	91.60353535353535
0	99999999999999999	1	204	80.15799256505575
1	231	1	360	95.30812324929971
1	209	1	365	96.24681933842238
1	279	1	283	93.72990353697749
0	99999999999999999	0	99999999999999999	83.04416403785488
0	99999999999999999	0	99999999999999999	80.02411575562702
0	99999999999999999	0	99999999999999999	83.9563862928349
1	358	1	480	86.04218362282877
0	99999999999999999	1	480	82.74096385542168
0	99999999999999999	1	360	80.6423611111111
0	99999999999999999	1	420	92.54087193460491
1	239	1	243	94.55492424242425
1	260	1	360	96.25
0	99999999999999999	1	360	96.65697674418604
1	469	1	360	96.65966386554622
0	99999999999999999	0	99999999999999999	68.81761978361669
0	99999999999999999	0	99999999999999999	89.55331412103747
0	99999999999999999	1	445	89.00537634408602
1	371	1	375	88.26530612244898
1	299	1	303	95.10703363914372
0	99999999999999999	1	294	90.78322784810126
0	99999999999999999	1	362	93.65384615384616
0	99999999999999999	1	183	91.42512077294685
0	99999999999999999	1	360	99.03244722439406
0	99999999999999999	1	360	64.93399339933993
0	99999999999999999	0	99999999999999999	82.0211038961039
1	433	1	450	77.7321083172147
0	99999999999999999	1	360	86.07011070110701
1	479	1	600	90.0920542635659
0	99999999999999999	1	339	85.4399441340782
0	99999999999999999	1	346	92.67123287671232
0	99999999999999999	1	143	90.06024096385545
0	99999999999999999	1	360	96.73423423423425
0	99999999999999999	1	360	97.87455410225921
1	2789	1	2880	99.62055881338392
0	99999999999999999	0	99999999999999999	77.73752012882447
0	99999999999999999	0	99999999999999999	83.22632423756019
0	99999999999999999	0	99999999999999999	86.27567140600317
0	99999999999999999	0	99999999999999999	85.69277108433735
1	292	1	298	91.18098159509204
0	99999999999999999	1	360	90.17571884984025
0	99999999999999999	1	268	93.36734693877551
0	99999999999999999	1	360	98.69791666666666
0	99999999999999999	1	140	91.25
0	99999999999999999	1	267	87.3046875
0	99999999999999999	1	814	97.77744630071598
0	99999999999999999	0	99999999999999999	70.7296849087894
0	99999999999999999	1	304	79.63881019830029
0	99999999999999999	1	600	93.23017408123792
0	99999999999999999	1	321	92.57925072046109
0	99999999999999999	1	265	87.58650519031141
0	99999999999999999	1	420	95.84269662921349
0	99999999999999999	1	420	93.96306818181817
1	219	1	231	96.65991902834007
1	227	1	383	93.58108108108108
0	99999999999999999	1	154	91.38888888888889
0	99999999999999999	1	360	98.08718861209965
0	99999999999999999	0	99999999999999999	77.44905956112852
0	99999999999999999	0	99999999999999999	82.03957382039574
0	99999999999999999	0	99999999999999999	80.1482701812191
0	99999999999999999	1	360	86.62207357859532
0	99999999999999999	1	660	89.35624012638232
0	99999999999999999	1	360	77.26897689768977
1	126	1	147	80.875
1	214	1	303	91.75531914893617
1	274	1	360	92.83667621776506
1	199	1	253	95.09892086330935
1	219	1	223	93.29637096774194
0	99999999999999999	0	99999999999999999	70.60483870967742
0	99999999999999999	0	99999999999999999	70.1077943615257
0	99999999999999999	1	253	84.74729241877257
1	227	1	360	94.1816816816817
1	301	1	420	91.41274238227147
0	99999999999999999	1	436	95.10393873085339
1	292	1	296	92.3524844720497
1	160	1	164	87.56377551020408
0	99999999999999999	1	360	96.44670050761422
1	150	1	204	95.22222222222223
0	99999999999999999	1	360	99.46730345334313
0	99999999999999999	1	531	79.37047101449275
0	99999999999999999	0	99999999999999999	78.80116959064327
0	99999999999999999	0	99999999999999999	84.02668759811617
0	99999999999999999	0	99999999999999999	88.25115562403698
0	99999999999999999	1	420	88.70967741935485
0	99999999999999999	1	179	91.19458128078819
1	336	1	360	96.50537634408602
0	99999999999999999	1	167	93.42105263157895
1	280	1	284	94.73039215686275
0	99999999999999999	1	141	75.65476190476191
1	282	1	360	94.0883190883191
0	99999999999999999	0	99999999999999999	84.39542483660131
0	99999999999999999	0	99999999999999999	85.14227642276424
0	99999999999999999	0	99999999999999999	82.69389438943894
0	99999999999999999	0	99999999999999999	77.55395683453237
0	99999999999999999	0	99999999999999999	90.67103109656301
0	99999999999999999	1	235	82.91505791505793
0	99999999999999999	1	191	87.26851851851852
1	162	1	189	84.65665236051503
1	248	1	420	97.19020172910663
1	1342	1	600	98.97514525500324
1	415	1	360	95.20153550863724
0	99999999999999999	0	99999999999999999	82.4400299850075
0	99999999999999999	0	99999999999999999	79.13934426229508
1	155	1	159	76.32743362831859
0	99999999999999999	1	420	91.4405684754522
1	239	1	360	88.78816793893131
0	99999999999999999	1	420	90.02590673575129
0	99999999999999999	1	184	91.20145631067963
0	99999999999999999	1	360	97.88251366120218
1	1295	1	360	99.05007102272725
0	99999999999999999	1	360	97.81337698783909
0	99999999999999999	0	99999999999999999	76.07438016528926
0	99999999999999999	0	99999999999999999	75.92592592592592
0	99999999999999999	1	360	80.35055350553506
0	99999999999999999	1	360	76.77902621722846
0	99999999999999999	1	246	86.72445255474453
0	99999999999999999	1	480	83.58585858585859
0	99999999999999999	1	291	89.30817610062893
1	341	1	360	91.30727762803234
1	1112	1	1147	98.76385336743394
1	1226	1	1230	98.99241819632881
1	2488	1	3254	99.56935975609757
0	99999999999999999	0	99999999999999999	77.65210608424337
0	99999999999999999	0	99999999999999999	66.27138413685849
0	99999999999999999	1	480	83.48214285714286
0	99999999999999999	0	99999999999999999	86.46825396825396
1	377	1	480	89.89684466019419
0	99999999999999999	1	220	94.13043478260869
0	99999999999999999	1	360	92.37903225806451
1	260	1	439	93.83047210300428
0	99999999999999999	1	360	89.85260770975057
1	215	1	264	92.89383561643837
0	99999999999999999	1	136	72.61029411764707
0	99999999999999999	0	99999999999999999	72.73476112026358
0	99999999999999999	0	99999999999999999	80.41074249605055
0	99999999999999999	0	99999999999999999	81.27769571639585
0	99999999999999999	1	455	88.67773019271948
1	575	1	579	85.89285714285715
1	177	1	183	90.71428571428571
1	216	1	220	89.94897959183675
0	99999999999999999	1	420	95.27914614121511
0	99999999999999999	1	360	91.76300578034682
0	99999999999999999	1	360	97.30475382003394
1	937	1	4723	99.6786767804467
0	99999999999999999	0	99999999999999999	72.59535655058042
1	372	1	376	82.8125
1	323	1	327	83.87323943661973
0	99999999999999999	0	99999999999999999	84.01702786377707
0	99999999999999999	1	360	82.03703703703704
1	229	1	312	88.64583333333333
0	99999999999999999	1	570	87.60521885521885
1	325	1	360	96.38819095477388
0	99999999999999999	1	253	95.28388278388279
1	238	1	360	93.52310231023104
0	99999999999999999	1	360	95.21857923497268
0	99999999999999999	0	99999999999999999	75.33003300330034
0	99999999999999999	0	99999999999999999	83.57963875205255
0	99999999999999999	0	99999999999999999	81.86274509803921
0	99999999999999999	1	660	88.2469244288225
1	600	1	604	93.50158982511924
1	311	1	420	94.25487465181058
1	242	1	246	87.02586206896551
0	99999999999999999	1	131	80.9691011235955
0	99999999999999999	1	360	94.14600550964187
1	1950	1	420	99.35728015377224
1	484	1	360	96.68560606060608
0	99999999999999999	0	99999999999999999	78.65353037766832
0	99999999999999999	0	99999999999999999	81.29713423831072
0	99999999999999999	0	99999999999999999	86.19873817034701
1	600	1	604	87.26190476190476
1	235	1	360	87.88927335640139
0	99999999999999999	1	544	92.3513986013986
1	143	1	203	94.76351351351352
0	99999999999999999	1	360	86.45833333333334
0	99999999999999999	1	360	88.41743119266056
1	221	1	225	93.57707509881425
0	99999999999999999	1	1104	98.4791296625222
0	99999999999999999	0	99999999999999999	76.94859038142621
1	589	1	593	80.56672025723473
0	99999999999999999	0	99999999999999999	92.705047318612
0	99999999999999999	1	367	93.47964376590332
0	99999999999999999	1	360	92.9663608562691
1	164	1	168	90.15151515151516
1	232	1	360	87.46019108280257
0	99999999999999999	1	163	77.86697247706421
1	306	1	345	96.2601078167116
0	99999999999999999	1	147	86.24260355029587
0	99999999999999999	1	126	73.20478723404256
0	99999999999999999	0	99999999999999999	80.45171339563863
0	99999999999999999	0	99999999999999999	69.84577922077924
0	99999999999999999	0	99999999999999999	83.71710526315789
0	99999999999999999	1	267	93.32740213523132
0	99999999999999999	1	362	85.70165094339622
0	99999999999999999	1	452	90.78947368421052
0	99999999999999999	1	137	79.86486486486487
0	99999999999999999	1	420	96.54150197628458
0	99999999999999999	1	270	93.26599326599327
1	387	1	360	97.91386271870795
1	226	1	245	94.89889705882354
0	99999999999999999	0	99999999999999999	86.61003236245955
1	508	1	600	84.2250922509225
0	99999999999999999	1	600	73.33024118738405
1	198	1	238	92.52819548872179
1	285	1	360	93.12320916905443
1	393	1	397	91.73529411764706
0	99999999999999999	1	360	90.08928571428572
0	99999999999999999	1	420	96.02165725047081
1	274	1	278	94.28453947368422
0	99999999999999999	1	360	94.10211267605635
0	99999999999999999	1	363	94.2455242966752
0	99999999999999999	0	99999999999999999	82.08469055374593
0	99999999999999999	0	99999999999999999	77.55102040816327
0	99999999999999999	1	360	83.4274193548387
0	99999999999999999	1	360	75.53278688524591
1	132	1	204	91.96035242290748
1	453	1	462	83.85019083969466
0	99999999999999999	1	164	89.68253968253968
0	99999999999999999	1	541	85.98484848484848
0	99999999999999999	1	828	97.09847596717468
1	250	1	496	97.29729729729729
0	99999999999999999	1	360	98.57634543178973
0	99999999999999999	0	99999999999999999	68.67954911433173
0	99999999999999999	1	360	77.01480263157893
0	99999999999999999	0	99999999999999999	84.6825396825397
0	99999999999999999	1	540	95.65533980582524
0	99999999999999999	0	99999999999999999	89.33070866141732
1	392	1	420	96.11581920903954
1	511	1	420	91.82776801405974
1	177	1	181	93.3859223300971
1	200	1	360	94.57070707070707
1	783	1	787	97.7760736196319
1	253	1	267	93.79251700680271
0	99999999999999999	1	193	78.2818532818533
1	498	1	502	82.66509433962264
0	99999999999999999	1	156	89.50276243093923
0	99999999999999999	0	99999999999999999	91.02056962025316
1	216	1	220	93.21428571428571
0	99999999999999999	1	360	88.69257950530034
0	99999999999999999	1	420	92.65873015873017
0	99999999999999999	1	420	83.45323741007194
1	265	1	269	95.08771929824562
0	99999999999999999	1	360	98.5192423331329
1	231	1	235	85.01805054151625
0	99999999999999999	0	99999999999999999	71.03109656301146
0	99999999999999999	0	99999999999999999	78.359375
1	399	1	403	93.45657276995306
0	99999999999999999	1	383	87.2555012224939
0	99999999999999999	1	420	90.50859598853867
1	522	1	526	93.22727272727272
0	99999999999999999	1	227	89.71774193548389
0	99999999999999999	1	163	91.6201117318436
1	341	1	345	85.70936639118457
0	99999999999999999	1	360	94.32730923694778
1	435	1	540	99.71068570192517
0	99999999999999999	0	99999999999999999	72.47516556291392
0	99999999999999999	0	99999999999999999	77.29508196721311
0	99999999999999999	0	99999999999999999	81.33169934640523
0	99999999999999999	1	420	90.55429864253394
1	325	1	420	94.21052631578947
1	185	1	189	86.49289099526067
0	99999999999999999	1	190	89.74056603773585
1	577	1	581	97.5
0	99999999999999999	1	360	98.61930860033728
1	239	1	243	92.38929889298893
0	99999999999999999	1	360	96.1354961832061
0	99999999999999999	0	99999999999999999	79.75409836065573
0	99999999999999999	0	99999999999999999	88.11074918566776
0	99999999999999999	0	99999999999999999	82.001647446458
1	446	1	471	86.33776091081594
1	258	1	262	91.52249134948099
1	234	1	252	94.0625
1	278	1	282	93.93322475570034
1	278	1	360	95.8904109589041
1	342	1	420	94.27618069815196
0	99999999999999999	1	360	95.43222003929273
0	99999999999999999	1	765	98.52099236641222
0	99999999999999999	0	99999999999999999	80.0580431177446
0	99999999999999999	1	242	80.15799256505576
0	99999999999999999	1	480	88.10827250608273
0	99999999999999999	1	360	88.56177606177604
0	99999999999999999	1	351	93.70052770448548
1	188	1	192	91.70454545454547
0	99999999999999999	1	200	94.29824561403508
0	99999999999999999	1	360	93.90138408304497
1	321	1	360	92.19653179190752
1	372	1	360	95.6713780918728
0	99999999999999999	1	342	94.89864864864865
0	99999999999999999	0	99999999999999999	72.35537190082644
0	99999999999999999	0	99999999999999999	70.76480263157895
0	99999999999999999	0	99999999999999999	84.82567353407289
1	273	1	277	94.1326530612245
1	605	1	624	90.09146341463413
1	349	1	420	89.32619647355162
1	175	1	179	86.13013698630138
0	99999999999999999	1	162	88.0524861878453
1	264	1	268	92.69425675675674
0	99999999999999999	1	334	96.0635359116022
0	99999999999999999	1	2173	98.92045454545455
0	99999999999999999	1	360	76.0492700729927
0	99999999999999999	0	99999999999999999	80.0864909390445
0	99999999999999999	1	379	82.74691358024693
1	317	1	331	88.05710306406685
0	99999999999999999	1	360	90.27431421446384
0	99999999999999999	1	255	96.44784172661869
0	99999999999999999	1	124	83.69205298013244
0	99999999999999999	1	360	97.44039270687237
1	316	1	320	93.64035087719297
1	176	1	180	87.0475113122172
1	156	1	265	94.7482638888889
0	99999999999999999	0	99999999999999999	82.78264331210191
0	99999999999999999	0	99999999999999999	81.04440789473685
0	99999999999999999	1	360	76.03135313531352
0	99999999999999999	1	360	85.0609756097561
1	288	1	292	91.40127388535034
1	210	1	240	93.56343283582092
1	131	1	217	94.92677824267783
1	167	1	173	79.04411764705881
0	99999999999999999	1	360	94.57700650759219
0	99999999999999999	1	360	98.2892107892108
0	99999999999999999	1	360	98.13746065057714
0	99999999999999999	0	99999999999999999	80.20833333333333
0	99999999999999999	0	99999999999999999	78.7878787878788
0	99999999999999999	0	99999999999999999	87.42163009404389
1	175	1	218	82.36842105263158
0	99999999999999999	1	439	91.02224576271186
0	99999999999999999	0	99999999999999999	88.4199134199134
1	313	1	317	96.10294117647058
1	214	1	246	95.27777777777779
1	215	1	368	97.17948717948717
1	552	1	905	99.40021810250818
0	99999999999999999	1	249	93.06066176470586
0	99999999999999999	0	99999999999999999	64.7875816993464
0	99999999999999999	0	99999999999999999	75.77881619937695
0	99999999999999999	1	362	83.83116883116884
1	367	1	371	88.37662337662339
0	99999999999999999	1	360	77.94354838709677
0	99999999999999999	1	420	93.18734793187348
1	230	1	254	93.97163120567377
0	99999999999999999	1	147	90.24566473988439
1	171	1	175	90.90346534653466
0	99999999999999999	1	360	96.83935361216732
0	99999999999999999	1	360	96.17029548989115
0	99999999999999999	0	99999999999999999	75.86336336336338
0	99999999999999999	0	99999999999999999	82.73628048780486
0	99999999999999999	0	99999999999999999	77.88173652694611
1	229	1	360	92.72875816993464
0	99999999999999999	0	99999999999999999	90.71372239747635
1	452	1	462	90.39196940726576
1	331	1	480	97.47619047619047
1	282	1	398	96.57738095238093
1	145	1	149	85.86387434554973
0	99999999999999999	1	180	74.53125000000001
1	229	1	307	93.80664652567977
0	99999999999999999	0	99999999999999999	75.93344155844156
0	99999999999999999	0	99999999999999999	72.1169686985173
0	99999999999999999	1	480	79.40821256038649
0	99999999999999999	1	360	72.31848184818482
0	99999999999999999	1	232	89.03846153846155
1	291	1	295	91.875
0	99999999999999999	1	137	84.19811320754718
1	194	1	198	92.75442477876106
0	99999999999999999	1	138	74.4485294117647
0	99999999999999999	1	226	95.58232931726907
1	627	1	360	97.54126547455297
0	99999999999999999	1	498	81.811797752809
0	99999999999999999	0	99999999999999999	81.11455108359132
0	99999999999999999	1	382	93.47153465346535
0	99999999999999999	1	600	77.98076923076923
1	286	1	290	88.39285714285712
1	294	1	360	93.56508875739644
1	217	1	221	93.85330578512395
1	444	1	448	94.8421052631579
0	99999999999999999	1	360	98.5992529348986
0	99999999999999999	1	122	76.95086705202311
0	99999999999999999	0	99999999999999999	87.74590163934427
0	99999999999999999	0	99999999999999999	74.58813838550246
0	99999999999999999	0	99999999999999999	80.02411575562701
0	99999999999999999	1	425	83.75
0	99999999999999999	1	553	91.81451612903227
0	99999999999999999	1	136	75.82908163265307
1	160	1	235	94.79961832061069
1	312	1	316	92.15116279069768
1	263	1	360	94.36666666666667
0	99999999999999999	1	197	94.04761904761905
0	99999999999999999	1	360	99.74620336744799
0	99999999999999999	0	99999999999999999	76.66666666666667
0	99999999999999999	0	99999999999999999	77.90983606557377
1	182	1	195	88.01369863013699
0	99999999999999999	0	99999999999999999	85.84905660377358
1	445	1	452	92.05974842767296
1	368	1	447	94.56289978678038
1	306	1	320	95.85755813953489
1	307	1	360	96.2962962962963
0	99999999999999999	1	249	91.84981684981686
1	189	1	193	92.9245283018868
1	3600	1	3604	99.50082621867253
0	99999999999999999	0	99999999999999999	86.46864686468648
0	99999999999999999	0	99999999999999999	78.4126984126984
1	623	1	627	88.09696092619392
0	99999999999999999	0	99999999999999999	84.98563218390804
0	99999999999999999	1	420	94.6072319201995
1	150	1	154	75.0
1	203	1	207	89.4396551724138
0	99999999999999999	1	309	91.51515151515152
1	352	1	356	95.99867724867725
0	99999999999999999	1	360	96.29629629629629
0	99999999999999999	1	360	98.50898692810458
0	99999999999999999	0	99999999999999999	81.82170542635659
0	99999999999999999	0	99999999999999999	80.41322314049586
0	99999999999999999	1	360	68.48705501618124
0	99999999999999999	1	366	91.2849872773537
0	99999999999999999	1	540	90.11437908496731
1	283	1	287	93.71019108280255
0	99999999999999999	1	360	94.69610091743118
1	373	1	360	93.37349397590361
1	229	1	321	94.77339181286548
0	99999999999999999	1	360	99.12542662116041
0	99999999999999999	1	133	74.21465968586388
0	99999999999999999	0	99999999999999999	70.72968490878938
0	99999999999999999	0	99999999999999999	75.52316890881913
0	99999999999999999	0	99999999999999999	88.95534290271132
0	99999999999999999	0	99999999999999999	85.1246105919003
1	593	1	598	80.12048192771084
1	398	1	419	92.48878923766816
0	99999999999999999	1	317	94.29505813953487
0	99999999999999999	1	286	87.5
1	625	1	634	92.45689655172414
1	215	1	446	95.276008492569
1	171	1	498	97.05459770114942
0	99999999999999999	0	99999999999999999	78.81426202321725
0	99999999999999999	0	99999999999999999	75.32733224222586
0	99999999999999999	1	360	84.24721189591078
0	99999999999999999	0	99999999999999999	90.4833836858006
0	99999999999999999	1	545	91.3243006993007
1	233	1	360	91.50179856115108
1	165	1	169	89.84771573604061
1	151	1	155	83.14393939393939
1	320	1	324	94.97126436781609
0	99999999999999999	1	125	90.79391891891892
0	99999999999999999	1	313	94.80088495575221
0	99999999999999999	0	99999999999999999	72.2952086553323
1	559	1	565	82.51984126984127
0	99999999999999999	1	480	90.375
0	99999999999999999	1	304	90.15957446808511
1	261	1	360	93.57142857142857
1	256	1	360	89.16952054794521
1	152	1	160	75.28026905829597
0	99999999999999999	1	360	92.2976501305483
0	99999999999999999	1	360	94.5251937984496
1	395	1	360	94.94186046511629
0	99999999999999999	1	469	96.12854251012146
0	99999999999999999	0	99999999999999999	79.32769726247986
1	307	1	311	80.37313432835819
0	99999999999999999	1	429	81.27593360995851
0	99999999999999999	1	420	88.58695652173914
0	99999999999999999	1	360	91.015625
0	99999999999999999	1	124	86.74999999999999
0	99999999999999999	1	160	91.41483516483517
1	323	1	360	91.4275956284153
0	99999999999999999	1	360	93.09954751131221
1	1041	1	1635	99.32981927710843
1	3068	1	420	99.45760776477306
