0	99999999999999999	0	99999999999999999	78.78787878787878
0	99999999999999999	1	360	89.00000000000001
0	99999999999999999	1	600	86.86224489795919
1	241	1	360	90.69865319865319
0	99999999999999999	1	310	91.41791044776119
1	484	1	488	86.89407540394973
0	99999999999999999	1	420	90.6725888324873
1	155	1	179	84.23672566371681
0	99999999999999999	1	326	94.0677966101695
0	99999999999999999	1	420	91.80947580645162
1	355	1	359	97.0646437994723
0	99999999999999999	0	99999999999999999	72.59535655058043
0	99999999999999999	0	99999999999999999	77.00964630225081
0	99999999999999999	1	432	75.5578093306288
0	99999999999999999	1	394	86.22630331753555
0	99999999999999999	1	277	94.35215946843854
0	99999999999999999	1	145	90.40178571428572
1	308	1	360	96.875
0	99999999999999999	1	360	95.45774647887323
0	99999999999999999	1	210	90.21966527196652
1	675	1	360	97.68333333333334
1	1879	1	480	99.43935257410295
0	99999999999999999	0	99999999999999999	78.38375796178345
0	99999999999999999	0	99999999999999999	81.62358642972536
0	99999999999999999	0	99999999999999999	79.7676282051282
1	448	1	540	86.2401185770751
1	342	1	346	93.09299191374663
1	195	1	199	94.4954128440367
0	99999999999999999	1	480	91.63223140495867
0	99999999999999999	1	183	90.18292682926828
1	467	1	420	96.57039711191334
0	99999999999999999	1	360	96.94564047362756
0	99999999999999999	1	153	91.96428571428572
0	99999999999999999	0	99999999999999999	75.99522292993629
0	99999999999999999	0	99999999999999999	82.54211332312406
0	99999999999999999	0	99999999999999999	86.9885433715221
0	99999999999999999	1	590	87.45921696574224
0	99999999999999999	1	360	91.08870967741936
1	218	1	222	85.78629032258065
0	99999999999999999	1	368	94.27083333333333
0	99999999999999999	1	360	94.75218658892128
0	99999999999999999	1	360	93.67514970059881
1	811	1	480	98.91681109185441
1	1223	1	1227	98.01317891373802
0	99999999999999999	0	99999999999999999	70.11308562197092
1	165	1	169	87.81725888324873
0	99999999999999999	0	99999999999999999	78.67965367965368
1	386	1	480	90.42316258351892
1	241	1	360	90.43367346938777
0	99999999999999999	1	420	93.13725490196077
1	321	1	360	96.43835616438355
1	375	1	379	92.52481389578163
1	404	1	411	93.62186788154898
1	270	1	274	93.58443708609272
1	1754	1	1758	98.84960718294052
0	99999999999999999	1	600	77.19885277246654
0	99999999999999999	0	99999999999999999	83.75771604938271
0	99999999999999999	1	247	73.78355704697987
0	99999999999999999	0	99999999999999999	87.41776315789475
0	99999999999999999	1	420	91.23529411764707
0	99999999999999999	1	360	91.06498194945848
0	99999999999999999	1	360	92.85714285714288
0	99999999999999999	1	248	93.28703703703704
1	129	1	163	93.10810810810811
0	99999999999999999	1	360	98.57114308553159
0	99999999999999999	1	2440	97.9914274322169
0	99999999999999999	0	99999999999999999	76.70807453416148
0	99999999999999999	0	99999999999999999	82.54560530679936
0	99999999999999999	1	360	72.31848184818482
0	99999999999999999	1	247	82.04633204633204
0	99999999999999999	1	122	85.79931972789115
0	99999999999999999	1	204	84.41235059760956
1	293	1	311	86.31944444444444
1	536	1	1092	98.78348214285714
0	99999999999999999	1	627	97.46543778801845
1	105	1	480	98.23019801980197
0	99999999999999999	1	170	87.88461538461537
0	99999999999999999	0	99999999999999999	68.24212271973467
0	99999999999999999	1	314	90.87537091988132
0	99999999999999999	1	364	90.15151515151516
0	99999999999999999	1	306	86.51515151515152
0	99999999999999999	1	360	82.86870503597122
1	369	1	373	92.28125
0	99999999999999999	1	360	94.49432892249527
0	99999999999999999	1	360	93.33109919571046
0	99999999999999999	1	394	88.57991360691145
0	99999999999999999	1	360	97.94260027662517
1	450	1	454	96.42116182572614
0	99999999999999999	0	99999999999999999	70.5691056910569
0	99999999999999999	0	99999999999999999	87.90584415584416
0	99999999999999999	1	548	87.78211805555557
1	522	1	526	83.49184782608695
0	99999999999999999	1	420	91.34868421052633
1	195	1	256	90.44943820224718
1	453	1	560	97.88461538461539
1	369	1	360	94.19315403422983
0	99999999999999999	1	360	89.1796875
0	99999999999999999	1	197	87.78409090909089
0	99999999999999999	1	360	98.03688823959094
0	99999999999999999	0	99999999999999999	77.57186081694402
0	99999999999999999	1	360	82.37410071942446
0	99999999999999999	0	99999999999999999	80.17515923566879
1	599	1	612	91.56793048973142
0	99999999999999999	1	360	87.27517985611512
1	227	1	231	91.40316205533597
1	342	1	420	87.56157635467979
0	99999999999999999	1	185	92.83980582524273
0	99999999999999999	1	175	90.234375
0	99999999999999999	1	368	93.22519083969465
0	99999999999999999	1	360	99.45995785036882
0	99999999999999999	0	99999999999999999	79.88505747126437
0	99999999999999999	1	390	84.45048309178745
0	99999999999999999	0	99999999999999999	78.46774193548387
0	99999999999999999	1	371	83.5427135678392
0	99999999999999999	1	195	87.2863247863248
1	295	1	337	80.33950617283949
0	99999999999999999	1	201	90.86757990867581
0	99999999999999999	1	237	92.12598425196852
1	1094	1	1098	98.3192341941229
1	240	1	244	90.63653136531366
1	258	1	432	96.19565217391303
0	99999999999999999	0	99999999999999999	65.13266998341626
0	99999999999999999	0	99999999999999999	74.22764227642276
0	99999999999999999	0	99999999999999999	81.14886731391584
0	99999999999999999	1	360	92.09265175718849
0	99999999999999999	1	312	87.71186440677965
1	136	1	153	91.66666666666669
0	99999999999999999	1	360	90.33505154639174
0	99999999999999999	1	360	91.76029962546816
0	99999999999999999	1	360	97.17607973421927
0	99999999999999999	1	296	93.7890625
1	180	1	480	97.86121673003802
1	436	1	440	72.53556910569107
0	99999999999999999	1	360	80.27003484320556
1	180	1	193	90.89366515837104
0	99999999999999999	1	360	90.42832167832168
1	244	1	251	84.24603174603175
1	226	1	360	92.06642066420663
0	99999999999999999	1	204	88.96739130434783
0	99999999999999999	1	480	92.14199029126213
1	1289	1	360	98.62218999274836
1	382	1	360	93.89400921658986
1	194	1	505	90.66455696202532
0	99999999999999999	0	99999999999999999	68.87254901960785
0	99999999999999999	0	99999999999999999	69.63722397476342
0	99999999999999999	1	441	84.77224576271186
0	99999999999999999	1	360	77.26897689768977
0	99999999999999999	1	382	93.48894348894349
0	99999999999999999	1	206	93.94273127753304
0	99999999999999999	1	272	92.33333333333333
1	455	1	459	96.83609958506226
0	99999999999999999	1	360	97.90407854984896
0	99999999999999999	1	487	90.83638025594149
1	1697	1	360	98.63228089275994
0	99999999999999999	0	99999999999999999	76.86011904761904
0	99999999999999999	0	99999999999999999	82.33229329173167
0	99999999999999999	1	360	87.89893617021276
1	469	1	600	92.58720930232559
1	199	1	345	94.64285714285715
1	513	1	517	89.0625
0	99999999999999999	1	420	93.55053191489361
0	99999999999999999	1	360	89.58333333333333
0	99999999999999999	1	162	90.90277777777777
0	99999999999999999	1	136	81.38736263736264
1	212	1	216	90.14522821576764
0	99999999999999999	0	99999999999999999	75.93344155844157
0	99999999999999999	0	99999999999999999	75.50080128205128
0	99999999999999999	1	514	89.40677966101694
0	99999999999999999	1	360	76.05863192182412
0	99999999999999999	1	214	93.28512396694215
1	337	1	341	84.81012658227849
0	99999999999999999	1	305	86.3185975609756
0	99999999999999999	1	420	96.29629629629629
0	99999999999999999	1	360	89.08179012345678
0	99999999999999999	1	963	94.40116845180137
1	2114	1	2234	99.16519239274658
0	99999999999999999	0	99999999999999999	75.82372322899505
0	99999999999999999	0	99999999999999999	81.67752442996743
0	99999999999999999	0	99999999999999999	82.43517017828202
1	408	1	425	92.578125
0	99999999999999999	1	360	93.10776942355889
1	185	1	247	94.66911764705881
1	506	1	360	93.98148148148148
0	99999999999999999	1	130	81.21546961325967
1	185	1	189	85.60924369747899
0	99999999999999999	1	398	96.16071428571429
0	99999999999999999	1	236	91.61877394636016
0	99999999999999999	0	99999999999999999	78.4201954397394
0	99999999999999999	0	99999999999999999	83.44262295081967
0	99999999999999999	1	365	86.53598971722366
1	247	1	251	89.80978260869564
1	509	1	515	81.12068965517243
0	99999999999999999	1	660	92.46742671009773
1	332	1	360	96.37096774193549
1	409	1	419	95.90857787810383
1	249	1	360	92.10714285714286
0	99999999999999999	1	360	97.77930402930403
1	340	1	360	92.93193717277487
0	99999999999999999	0	99999999999999999	76.20458135860979
0	99999999999999999	1	664	78.93484626647145
0	99999999999999999	1	360	70.38398692810458
0	99999999999999999	0	99999999999999999	89.599533437014
0	99999999999999999	0	99999999999999999	92.65557163531115
0	99999999999999999	1	360	76.76229508196722
0	99999999999999999	1	205	91.01731601731602
1	156	1	160	90.33783783783784
0	99999999999999999	1	250	94.37949640287769
0	99999999999999999	1	216	80.73843416370107
1	3063	1	3487	99.64082503556187
0	99999999999999999	0	99999999999999999	81.96656050955413
0	99999999999999999	0	99999999999999999	82.84235668789809
0	99999999999999999	1	360	83.6864406779661
0	99999999999999999	1	369	78.60759493670886
1	250	1	258	91.82862190812722
0	99999999999999999	1	360	90.64625850340136
0	99999999999999999	1	263	84.06344410876132
0	99999999999999999	1	138	84.21052631578948
0	99999999999999999	1	188	89.32783018867923
0	99999999999999999	1	360	95.29132791327913
0	99999999999999999	1	360	98.95261845386534
0	99999999999999999	0	99999999999999999	77.59146341463415
0	99999999999999999	1	636	84.24657534246576
0	99999999999999999	0	99999999999999999	81.12606232294617
1	357	1	480	93.68902439024392
1	226	1	295	91.82539682539682
0	99999999999999999	1	360	93.74999999999999
1	248	1	621	96.95216049382717
1	234	1	360	95.61518324607329
1	270	1	378	95.61567164179104
0	99999999999999999	1	344	87.91881443298969
0	99999999999999999	0	99999999999999999	76.65322580645162
0	99999999999999999	0	99999999999999999	80.41322314049587
0	99999999999999999	1	360	76.24538745387453
0	99999999999999999	0	99999999999999999	85.76546003016593
1	277	1	313	89.84604105571847
1	465	1	469	91.34050880626224
0	99999999999999999	1	244	90.11948529411764
1	150	1	162	90.32894736842105
1	166	1	396	97.66746411483254
0	99999999999999999	1	360	91.18098159509202
0	99999999999999999	1	218	90.58641975308642
0	99999999999999999	0	99999999999999999	82.40894039735099
0	99999999999999999	1	600	77.0681818181818
1	324	1	342	90.25135869565219
0	99999999999999999	0	99999999999999999	85.95655487804878
1	302	1	306	89.10928143712573
1	360	1	420	88.9511201629328
0	99999999999999999	1	203	93.28602620087337
0	99999999999999999	1	420	93.31317204301075
0	99999999999999999	1	420	93.90776699029126
0	99999999999999999	1	681	97.4468085106383
1	2186	1	420	99.45097604259095
0	99999999999999999	0	99999999999999999	80.67260940032416
0	99999999999999999	0	99999999999999999	82.83794788273616
0	99999999999999999	0	99999999999999999	90.12345679012346
0	99999999999999999	0	99999999999999999	85.50451807228916
0	99999999999999999	1	360	91.61290322580645
1	175	1	179	92.5625
1	155	1	159	81.45933014354067
0	99999999999999999	1	360	97.37609329446065
0	99999999999999999	1	191	84.28270042194092
1	542	1	360	97.09119496855345
0	99999999999999999	1	248	94.25925925925925
0	99999999999999999	0	99999999999999999	77.13365539452496
0	99999999999999999	0	99999999999999999	82.09677419354838
0	99999999999999999	1	360	90.51383399209486
0	99999999999999999	1	480	85.85199004975124
0	99999999999999999	1	249	91.29464285714286
1	268	1	272	95.10135135135135
0	99999999999999999	1	360	97.55361930294904
1	220	1	224	93.54674796747967
1	227	1	231	94.8170731707317
0	99999999999999999	1	137	91.50641025641025
0	99999999999999999	0	99999999999999999	71.99835526315789
1	516	1	520	87.56880733944953
1	429	1	540	86.01648351648352
0	99999999999999999	0	99999999999999999	90.86257309941521
0	99999999999999999	1	209	89.78260869565219
0	99999999999999999	1	312	94.48198198198199
1	207	1	244	94.51672862453532
1	390	1	360	94.4905213270142
0	99999999999999999	1	360	97.8305785123967
1	290	1	360	94.85074626865672
1	106	1	420	99.1883116883117
0	99999999999999999	0	99999999999999999	87.78501628664495
0	99999999999999999	0	99999999999999999	81.27952755905513
0	99999999999999999	0	99999999999999999	87.21198156682027
0	99999999999999999	1	360	92.41854636591479
1	361	1	365	83.0829326923077
1	257	1	360	89.58333333333334
0	99999999999999999	1	186	91.18357487922705
0	99999999999999999	1	254	89.72727272727272
0	99999999999999999	1	171	90.17412935323384
0	99999999999999999	1	360	99.38162544169612
0	99999999999999999	1	360	99.7870528109029
0	99999999999999999	0	99999999999999999	83.04278922345483
1	373	1	377	81.83787128712872
0	99999999999999999	0	99999999999999999	78.42835130970725
0	99999999999999999	1	554	86.94158075601374
0	99999999999999999	1	247	93.79734848484848
1	332	1	338	94.3941504178273
1	290	1	360	94.37660668380462
0	99999999999999999	1	273	88.41973244147158
0	99999999999999999	1	148	87.42647058823529
0	99999999999999999	1	360	97.32142857142857
0	99999999999999999	1	360	96.78407350689127
0	99999999999999999	0	99999999999999999	81.30182421227197
0	99999999999999999	0	99999999999999999	79.86760124610592
0	99999999999999999	1	512	79.54757462686567
0	99999999999999999	1	387	87.19806763285024
0	99999999999999999	1	483	92.58893280632411
0	99999999999999999	1	205	87.76371308016877
1	242	1	360	92.24910394265233
0	99999999999999999	1	452	96.75531914893617
1	267	1	515	97.0710332103321
0	99999999999999999	1	309	93.61940298507461
1	440	1	444	95.84221748400851
0	99999999999999999	0	99999999999999999	79.6774193548387
0	99999999999999999	0	99999999999999999	81.96457326892109
0	99999999999999999	1	480	86.95121951219512
0	99999999999999999	1	398	90.55023923444976
1	226	1	360	90.67028985507247
1	178	1	247	82.77777777777777
0	99999999999999999	1	540	91.58997955010226
0	99999999999999999	1	188	89.02582159624413
1	351	1	355	96.20418848167537
1	884	1	888	98.32968236582695
1	1168	1	1336	98.91703377386196
0	99999999999999999	0	99999999999999999	82.22940226171245
1	295	1	299	89.88853503184714
0	99999999999999999	0	99999999999999999	85.95276872964169
1	155	1	159	93.78698224852073
0	99999999999999999	1	260	89.34859154929578
0	99999999999999999	1	123	72.22972972972973
1	253	1	257	92.06560283687944
0	99999999999999999	1	137	89.77272727272727
1	1095	1	360	98.66288492706646
0	99999999999999999	1	360	97.0675355450237
1	241	1	360	92.16666666666667
0	99999999999999999	0	99999999999999999	71.93053311793213
0	99999999999999999	0	99999999999999999	78.49544072948329
0	99999999999999999	0	99999999999999999	76.9485903814262
0	99999999999999999	1	540	92.31601731601732
0	99999999999999999	1	549	85.91304347826086
0	99999999999999999	1	360	96.92028985507247
1	157	1	177	91.58536585365853
1	261	1	489	96.94174757281553
0	99999999999999999	1	220	91.99380165289256
0	99999999999999999	1	360	97.96554252199414
1	681	1	360	97.4585062240664
0	99999999999999999	0	99999999999999999	79.96439873417722
1	668	1	672	87.46542185338866
0	99999999999999999	0	99999999999999999	90.64465408805032
0	99999999999999999	1	360	81.76424050632912
0	99999999999999999	1	660	90.9375
0	99999999999999999	1	360	90.40247678018576
1	250	1	254	94.69557195571954
1	248	1	255	96.68843283582089
0	99999999999999999	1	360	97.48892171344164
1	491	1	360	96.71381031613977
0	99999999999999999	0	99999999999999999	72.41506646971935
0	99999999999999999	1	360	82.6388888888889
0	99999999999999999	0	99999999999999999	85.25741029641185
0	99999999999999999	1	360	81.23100303951368
1	270	1	360	90.57377049180329
0	99999999999999999	1	150	86.59217877094972
0	99999999999999999	1	315	87.97814207650273
0	99999999999999999	1	206	90.35560344827584
1	300	1	360	96.16336633663364
1	300	1	304	96.32575757575756
0	99999999999999999	1	420	97.99687825182103
0	99999999999999999	0	99999999999999999	74.36406995230524
0	99999999999999999	0	99999999999999999	81.2890625
0	99999999999999999	1	360	77.26897689768978
1	286	1	290	87.95833333333334
1	514	1	518	94.38539741219961
1	646	1	659	86.20626822157433
1	560	1	660	92.82006920415225
0	99999999999999999	1	248	85.3035143769968
0	99999999999999999	1	360	92.48220640569396
0	99999999999999999	1	246	96.11111111111111
1	507	1	360	98.85745375408052
0	99999999999999999	0	99999999999999999	83.7893864013267
0	99999999999999999	1	360	89.21755725190839
0	99999999999999999	0	99999999999999999	85.46557120500782
0	99999999999999999	0	99999999999999999	86.7436305732484
0	99999999999999999	1	360	84.94744744744746
1	252	1	360	93.5763888888889
1	214	1	273	91.19897959183673
1	349	1	360	94.73167539267016
0	99999999999999999	1	360	80.79268292682926
1	601	1	420	98.69062119366626
1	3946	1	4711	99.66458905556729
0	99999999999999999	0	99999999999999999	71.76560121765601
0	99999999999999999	0	99999999999999999	77.50809061488673
0	99999999999999999	1	480	92.96875
0	99999999999999999	1	360	86.96236559139786
0	99999999999999999	1	360	83.98305084745762
0	99999999999999999	0	99999999999999999	93.7402799377916
1	201	1	205	87.34939759036143
1	727	1	660	98.93796992481202
0	99999999999999999	1	144	90.31065088757397
0	99999999999999999	1	440	95.12392241379311
1	224	1	497	97.3419540229885
0	99999999999999999	0	99999999999999999	74.3485342019544
0	99999999999999999	1	494	81.17760617760617
0	99999999999999999	1	276	84.29054054054055
0	99999999999999999	1	480	90.92839805825243
0	99999999999999999	1	420	92.0770202020202
0	99999999999999999	1	448	83.9599609375
1	418	1	540	90.38888888888889
0	99999999999999999	1	184	79.4820717131474
1	232	1	236	93.51145038167938
0	99999999999999999	1	360	97.12078651685394
0	99999999999999999	1	224	91.31526104417671
0	99999999999999999	0	99999999999999999	78.52459016393442
0	99999999999999999	0	99999999999999999	72.15994020926755
0	99999999999999999	0	99999999999999999	79.10569105691057
0	99999999999999999	1	132	87.74038461538461
0	99999999999999999	1	305	83.2865168539326
0	99999999999999999	1	200	93.11111111111113
1	252	1	256	91.05871886120997
0	99999999999999999	1	360	90.78947368421052
1	223	1	227	92.63833992094861
0	99999999999999999	1	308	90.79545454545455
0	99999999999999999	1	360	95.49608355091385
0	99999999999999999	0	99999999999999999	79.79338842975206
1	138	1	142	77.6875
0	99999999999999999	1	360	86.31818181818181
0	99999999999999999	1	322	86.9956772334294
1	534	1	538	94.26156583629893
0	99999999999999999	1	435	90.89168490153172
0	99999999999999999	1	360	90.19434628975264
0	99999999999999999	1	218	91.31799163179917
1	414	1	360	94.93915929203541
1	535	1	539	95.73008849557522
0	99999999999999999	1	360	99.54255541614387
0	99999999999999999	0	99999999999999999	72.0266040688576
0	99999999999999999	1	360	89.93682310469315
0	99999999999999999	0	99999999999999999	76.42642642642642
1	557	1	561	79.16666666666666
1	158	1	162	81.04066985645933
1	305	1	309	88.95958083832336
0	99999999999999999	1	334	95.64917127071823
0	99999999999999999	1	279	92.98679867986797
1	128	1	137	74.93718592964824
1	222	1	369	95.92875318066157
1	378	1	382	97.05513784461154
0	99999999999999999	0	99999999999999999	78.82492113564669
0	99999999999999999	0	99999999999999999	86.34294385432473
0	99999999999999999	1	242	93.98496240601503
0	99999999999999999	1	360	84.68237704918033
0	99999999999999999	0	99999999999999999	84.26493108728944
1	390	1	394	92.9798578199052
0	99999999999999999	1	360	94.31265206812651
0	99999999999999999	1	360	89.49430199430199
0	99999999999999999	1	420	94.84877126654065
1	321	1	360	94.26229508196721
0	99999999999999999	1	360	99.1276549631556
0	99999999999999999	0	99999999999999999	72.4193548387097
0	99999999999999999	0	99999999999999999	70.03284072249589
0	99999999999999999	0	99999999999999999	87.65867418899859
1	201	1	205	88.71681415929203
0	99999999999999999	1	360	77.30704697986577
1	206	1	210	95.02118644067797
1	221	1	225	92.84232365145229
0	99999999999999999	1	183	87.67857142857144
0	99999999999999999	1	189	78.87254901960785
0	99999999999999999	1	420	96.74418604651163
0	99999999999999999	1	360	92.16772151898735
0	99999999999999999	0	99999999999999999	70.30228758169935
0	99999999999999999	0	99999999999999999	83.37398373983739
0	99999999999999999	0	99999999999999999	80.85106382978724
0	99999999999999999	0	99999999999999999	88.37976539589442
0	99999999999999999	1	566	91.5315699658703
0	99999999999999999	1	360	88.18093385214009
0	99999999999999999	1	360	88.10096153846155
1	263	1	360	95.33898305084745
0	99999999999999999	1	122	87.67006802721089
0	99999999999999999	1	360	96.62106135986733
1	557	1	360	97.19899665551841
0	99999999999999999	0	99999999999999999	80.28225806451611
0	99999999999999999	0	99999999999999999	71.96153846153847
0	99999999999999999	0	99999999999999999	76.11970684039088
0	99999999999999999	0	99999999999999999	87.4609375
0	99999999999999999	1	200	92.07589285714285
0	99999999999999999	1	221	91.32231404958678
0	99999999999999999	1	360	96.55737704918032
1	378	1	493	96.630859375
0	99999999999999999	1	137	83.15217391304348
1	314	1	318	94.76744186046513
1	715	1	360	97.34748010610079
0	99999999999999999	0	99999999999999999	71.28938640132671
0	99999999999999999	1	360	66.74836601307189
0	99999999999999999	0	99999999999999999	88.38852988691437
0	99999999999999999	1	544	81.8452380952381
1	321	1	325	94.75218658892129
0	99999999999999999	1	271	93.0976430976431
0	99999999999999999	1	360	90.95070422535211
0	99999999999999999	1	360	92.31115107913669
1	761	1	765	97.45575221238937
0	99999999999999999	1	499	88.57834507042253
0	99999999999999999	1	360	95.5141129032258
0	99999999999999999	0	99999999999999999	71.97346600331676
0	99999999999999999	0	99999999999999999	79.66171617161716
0	99999999999999999	0	99999999999999999	87.10260115606937
1	460	1	477	92.03187250996015
1	234	1	360	93.57142857142857
0	99999999999999999	1	360	91.17398648648648
1	400	1	420	92.70169851380042
0	99999999999999999	1	420	91.6289592760181
1	337	1	360	93.78415300546447
1	690	1	360	98.08981233243968
1	202	1	399	96.5909090909091
0	99999999999999999	1	360	89.09883720930232
0	99999999999999999	1	424	78.76536885245902
0	99999999999999999	0	99999999999999999	91.97965571205009
0	99999999999999999	1	360	89.96478873239437
0	99999999999999999	1	303	91.8826219512195
1	282	1	286	92.18241042345275
0	99999999999999999	1	264	93.75
1	376	1	423	97.4109131403118
1	991	1	540	98.4245630174793
0	99999999999999999	1	360	96.50259067357514
0	99999999999999999	1	420	75.63920454545455
0	99999999999999999	0	99999999999999999	77.9886914378029
0	99999999999999999	1	360	87.66447368421053
0	99999999999999999	1	660	90.15330188679245
0	99999999999999999	1	457	95.24428274428276
0	99999999999999999	1	420	93.06372549019608
0	99999999999999999	1	480	90.95691382765531
0	99999999999999999	1	191	93.03571428571428
0	99999999999999999	1	360	91.2797619047619
0	99999999999999999	1	208	90.34334763948497
0	99999999999999999	1	163	87.16755319148936
0	99999999999999999	0	99999999999999999	82.00325732899022
0	99999999999999999	0	99999999999999999	77.81844802342607
0	99999999999999999	1	204	93.23394495412845
1	571	0	99999999999999999	88.38478915662651
1	343	1	347	80.94951923076923
1	197	1	201	90.06696428571429
0	99999999999999999	1	206	82.53676470588235
1	135	1	154	91.52777777777777
0	99999999999999999	1	360	97.18333333333334
1	646	1	692	98.20682451253482
0	99999999999999999	1	360	97.9465270121279
0	99999999999999999	1	364	90.52835051546393
0	99999999999999999	0	99999999999999999	88.72324159021409
0	99999999999999999	1	360	85.24734982332156
0	99999999999999999	1	480	87.99019607843137
0	99999999999999999	1	420	90.0657894736842
1	191	1	338	95.94875346260389
1	339	1	420	89.90131578947368
0	99999999999999999	1	184	91.76980198019803
1	407	1	360	95.67972350230414
1	284	1	288	94.67147435897435
0	99999999999999999	1	360	94.29611650485437
0	99999999999999999	1	360	83.46774193548387
0	99999999999999999	0	99999999999999999	78.28843106180665
0	99999999999999999	0	99999999999999999	75.70480928689885
0	99999999999999999	1	420	92.15856481481481
0	99999999999999999	1	210	89.05579399141632
0	99999999999999999	1	360	89.72138554216866
0	99999999999999999	1	360	94.05864197530862
0	99999999999999999	1	259	93.9068100358423
0	99999999999999999	1	138	88.87096774193549
1	221	1	225	92.01807228915663
0	99999999999999999	1	360	97.4025974025974
0	99999999999999999	0	99999999999999999	79.71544715447155
1	541	1	545	86.9327731092437
0	99999999999999999	0	99999999999999999	88.46774193548386
1	235	1	239	91.1654135338346
1	247	1	360	85.41666666666667
1	191	1	258	88.0
1	422	1	426	90.63876651982379
1	164	1	168	92.81088082901555
0	99999999999999999	1	752	97.59987113402062
1	372	1	360	97.18844984802432
0	99999999999999999	0	99999999999999999	80.04493464052287
0	99999999999999999	1	600	78.80434782608697
0	99999999999999999	1	382	88.58560794044665
0	99999999999999999	1	360	87.05673758865248
1	297	1	301	92.35474006116208
0	99999999999999999	1	200	87.08158995815901
1	314	1	420	87.60359116022099
1	205	1	209	84.17602996254682
0	99999999999999999	1	272	94.41580756013747
0	99999999999999999	1	360	98.86363636363636
0	99999999999999999	1	360	99.29979253112033
0	99999999999999999	0	99999999999999999	81.03305785123968
0	99999999999999999	1	542	86.25886524822694
0	99999999999999999	1	360	81.22448979591837
1	664	1	677	81.87757909215956
0	99999999999999999	0	99999999999999999	89.93759750390016
0	99999999999999999	1	324	86.1260053619303
0	99999999999999999	1	356	92.64322916666666
0	99999999999999999	1	211	92.73504273504273
0	99999999999999999	1	360	97.5
1	255	1	360	96.69037199124726
1	1640	1	1886	99.23469387755101
0	99999999999999999	0	99999999999999999	75.31446540880503
0	99999999999999999	0	99999999999999999	86.96153846153847
0	99999999999999999	0	99999999999999999	86.51639344262296
0	99999999999999999	1	321	85.24709302325583
0	99999999999999999	1	317	93.10850439882698
0	99999999999999999	1	360	80.71546052631578
0	99999999999999999	1	360	94.72616632860041
0	99999999999999999	1	360	96.35811836115325
0	99999999999999999	1	348	97.09944751381217
1	509	1	360	96.54489436619717
1	137	1	144	77.1033653846154
0	99999999999999999	0	99999999999999999	78.91268533772651
0	99999999999999999	1	623	86.38147566718995
0	99999999999999999	0	99999999999999999	77.40228013029318
1	481	1	485	85.72124756335282
1	378	1	382	86.70537897310514
0	99999999999999999	1	334	89.72739361702128
0	99999999999999999	1	230	93.3794466403162
0	99999999999999999	1	360	95.97069597069596
0	99999999999999999	1	360	97.03672787979967
0	99999999999999999	1	360	98.60980207351554
0	99999999999999999	1	184	88.56132075471699
0	99999999999999999	0	99999999999999999	80.3680981595092
0	99999999999999999	0	99999999999999999	75.69901315789474
0	99999999999999999	0	99999999999999999	83.30645161290322
0	99999999999999999	1	223	86.98308270676691
0	99999999999999999	1	389	97.36842105263159
0	99999999999999999	1	420	93.73209169054441
1	126	1	420	94.93405275779378
0	99999999999999999	1	164	90.67460317460316
0	99999999999999999	1	165	89.37823834196892
1	1341	1	1391	98.90691114245416
0	99999999999999999	1	259	94.23758865248226
0	99999999999999999	0	99999999999999999	69.87603305785125
0	99999999999999999	0	99999999999999999	84.18284789644014
0	99999999999999999	1	480	72.15770171149144
0	99999999999999999	1	186	80.22300469483568
0	99999999999999999	1	311	93.52678571428571
1	273	1	277	93.35548172757476
1	281	1	360	94.74693251533742
1	278	1	360	91.89082278481013
0	99999999999999999	1	130	79.51807228915663
1	379	1	480	97.625
0	99999999999999999	1	360	98.48860257680873
0	99999999999999999	0	99999999999999999	81.03932584269664
0	99999999999999999	0	99999999999999999	77.83646322378716
1	556	1	560	89.3097643097643
0	99999999999999999	0	99999999999999999	83.98959881129274
1	158	1	190	89.51965065502183
0	99999999999999999	1	360	85.40239726027397
0	99999999999999999	1	206	85.16221374045803
0	99999999999999999	1	143	79.40051020408163
1	605	1	660	97.55747126436782
1	1134	1	1138	98.50730240549828
0	99999999999999999	1	360	98.31154684095861
0	99999999999999999	0	99999999999999999	75.28501628664495
0	99999999999999999	1	362	84.22982885085575
0	99999999999999999	1	488	83.544921875
0	99999999999999999	1	272	88.62876254180603
0	99999999999999999	0	99999999999999999	84.2585089141005
0	99999999999999999	1	480	94.32692307692308
1	219	1	223	90.80578512396694
1	339	1	343	95.92541436464089
1	308	1	360	95.35211267605635
0	99999999999999999	1	360	99.45780757097792
0	99999999999999999	0	99999999999999999	71.9140625
1	664	1	677	80.00356125356126
0	99999999999999999	1	360	88.4952229299363
0	99999999999999999	1	480	87.68292682926827
0	99999999999999999	1	309	90.70121951219511
0	99999999999999999	1	288	92.98878205128206
0	99999999999999999	1	262	86.11111111111111
1	271	1	360	92.827868852459
0	99999999999999999	1	360	94.67455621301775
0	99999999999999999	1	150	76.34976525821595
0	99999999999999999	1	360	99.15382819794584
0	99999999999999999	0	99999999999999999	86.51639344262296
0	99999999999999999	1	360	91.10099337748345
0	99999999999999999	1	360	89.96539792387543
0	99999999999999999	1	360	83.97727272727273
1	490	1	600	92.12786259541986
0	99999999999999999	1	360	93.92583120204604
0	99999999999999999	1	360	95.70370370370371
1	237	1	360	88.9090909090909
1	341	1	345	92.27642276422765
0	99999999999999999	1	469	96.59090909090908
1	275	1	279	95.58333333333333
0	99999999999999999	0	99999999999999999	88.54669887278583
0	99999999999999999	0	99999999999999999	78.19237147595356
0	99999999999999999	1	483	89.60371819960861
1	394	1	398	93.66113744075828
1	616	1	620	92.83230293663061
1	274	1	360	94.52416918429003
0	99999999999999999	1	720	97.85809906291834
1	329	1	479	97.04142011834321
1	131	1	149	80.7549504950495
0	99999999999999999	1	227	94.42231075697211
1	130	1	403	97.30679156908666
0	99999999999999999	0	99999999999999999	82.63999999999999
0	99999999999999999	0	99999999999999999	81.30182421227197
0	99999999999999999	1	338	88.2768361581921
1	472	1	476	84.52380952380952
1	237	1	360	94.18706293706293
0	99999999999999999	1	253	94.42446043165468
0	99999999999999999	1	194	93.0365296803653
0	99999999999999999	1	297	93.51708074534162
0	99999999999999999	1	360	95.06880733944953
1	597	1	601	96.91480891719745
1	331	1	335	92.97520661157026
0	99999999999999999	0	99999999999999999	78.6535303776683
0	99999999999999999	0	99999999999999999	82.18799368088467
0	99999999999999999	0	99999999999999999	85.33088235294117
0	99999999999999999	1	540	89.17386609071275
0	99999999999999999	1	360	90.42630057803468
0	99999999999999999	1	257	81.15325077399382
0	99999999999999999	1	360	88.04909560723513
0	99999999999999999	1	134	73.5
1	675	1	679	97.69503546099291
0	99999999999999999	1	184	83.95270270270271
0	99999999999999999	1	360	97.85202863961814
0	99999999999999999	0	99999999999999999	66.9983416252073
0	99999999999999999	0	99999999999999999	73.74798061389338
1	199	1	203	87.2787610619469
1	445	1	454	85.31976744186048
1	277	1	281	89.7983870967742
0	99999999999999999	1	360	86.97916666666667
0	99999999999999999	1	250	93.33941605839415
1	141	1	420	97.39819004524887
0	99999999999999999	1	511	92.22846441947566
0	99999999999999999	1	150	91.01123595505616
1	295	1	299	95.0390625
0	99999999999999999	0	99999999999999999	73.21724709784411
0	99999999999999999	0	99999999999999999	90.64465408805032
1	418	1	422	82.52777777777777
0	99999999999999999	0	99999999999999999	81.24031007751937
0	99999999999999999	1	600	94.74206349206348
1	246	1	250	91.27697841726619
1	265	1	269	95.39473684210526
1	303	1	360	92.14181286549709
0	99999999999999999	1	132	77.93296089385476
1	150	1	154	82.1601941747573
0	99999999999999999	1	360	97.05414012738854
0	99999999999999999	0	99999999999999999	77.34499205087441
0	99999999999999999	0	99999999999999999	85.77786377708978
1	424	1	451	86.14729458917836
0	99999999999999999	1	420	91.03535353535355
1	250	1	360	81.0483870967742
0	99999999999999999	1	514	91.79832713754647
0	99999999999999999	1	331	92.68731988472622
0	99999999999999999	1	360	96.90126050420169
1	328	1	334	95.59659090909092
1	2160	1	2976	99.55044955044956
0	99999999999999999	1	360	95.07952286282305
0	99999999999999999	0	99999999999999999	77.31404958677686
0	99999999999999999	1	360	84.97191011235954
0	99999999999999999	0	99999999999999999	81.2208398133748
0	99999999999999999	1	420	94.4088319088319
0	99999999999999999	1	480	82.95739348370927
1	191	1	195	90.61085972850678
0	99999999999999999	1	186	85.07281553398059
0	99999999999999999	1	225	91.43145161290322
0	99999999999999999	1	264	90.07092198581562
1	270	1	274	93.62582781456953
0	99999999999999999	1	623	93.04142441860465
0	99999999999999999	0	99999999999999999	70.37953795379539
0	99999999999999999	0	99999999999999999	79.50626959247649
0	99999999999999999	1	480	84.36018957345972
0	99999999999999999	1	360	87.80381944444446
0	99999999999999999	1	373	92.0076726342711
0	99999999999999999	1	360	93.18181818181817
1	299	1	360	89.51149425287356
0	99999999999999999	1	420	91.5558510638298
1	158	1	260	94.33035714285714
1	335	1	339	93.98907103825137
0	99999999999999999	1	186	78.17540322580645
0	99999999999999999	0	99999999999999999	79.32539682539682
0	99999999999999999	1	480	73.80952380952381
0	99999999999999999	1	420	94.06424581005587
0	99999999999999999	1	549	91.01835664335664
0	99999999999999999	1	187	88.34134615384616
0	99999999999999999	1	300	88.91437308868502
0	99999999999999999	1	143	89.33823529411765
0	99999999999999999	1	201	91.61036036036036
1	722	1	540	98.73563218390805
0	99999999999999999	1	169	89.76683937823833
0	99999999999999999	1	360	96.0291734197731
0	99999999999999999	0	99999999999999999	71.5233118971061
0	99999999999999999	0	99999999999999999	73.25493171471928
1	374	1	480	85.05569306930694
0	99999999999999999	1	190	89.6889400921659
0	99999999999999999	1	660	91.33825944170772
1	212	1	251	92.3992673992674
1	351	1	360	93.61979166666667
0	99999999999999999	1	360	96.40330188679246
1	511	1	515	93.53130755064457
0	99999999999999999	1	360	98.1951871657754
1	212	1	445	95.72649572649571
0	99999999999999999	0	99999999999999999	81.98
0	99999999999999999	0	99999999999999999	76.56765676567657
0	99999999999999999	0	99999999999999999	81.59557661927332
0	99999999999999999	1	621	95.26397515527952
1	238	1	360	87.11864406779662
1	187	1	200	88.215859030837
0	99999999999999999	1	142	75.0
0	99999999999999999	1	360	95.51361386138613
1	208	1	277	94.24342105263158
0	99999999999999999	1	360	96.52366863905326
0	99999999999999999	1	360	99.34303977272725
0	99999999999999999	0	99999999999999999	80.32520325203252
0	99999999999999999	0	99999999999999999	78.4126984126984
0	99999999999999999	1	420	87.39316239316238
1	150	1	154	83.69845360824743
0	99999999999999999	0	99999999999999999	87.91248206599712
1	230	1	271	94.12020905923346
0	99999999999999999	1	420	92.5704989154013
1	267	1	360	89.29738562091504
0	99999999999999999	1	199	92.83333333333334
1	187	1	191	90.62499999999999
1	1336	1	1348	99.1849816849817
0	99999999999999999	0	99999999999999999	80.55555555555556
0	99999999999999999	0	99999999999999999	74.47411003236246
1	416	1	423	79.85112936344969
0	99999999999999999	0	99999999999999999	83.91129032258065
1	662	1	666	87.60901162790697
1	362	1	366	91.49616368286445
1	535	1	540	94.44690265486726
1	996	1	1176	98.82389675270608
0	99999999999999999	1	360	91.0919540229885
0	99999999999999999	1	191	79.736328125
1	188	1	194	94.32339449541286
0	99999999999999999	1	360	74.79372937293729
0	99999999999999999	0	99999999999999999	79.18543543543544
0	99999999999999999	1	360	87.5408496732026
0	99999999999999999	0	99999999999999999	89.38193343898574
0	99999999999999999	1	420	87.68168604651163
0	99999999999999999	1	178	91.58291457286433
0	99999999999999999	1	133	85.80508474576273
0	99999999999999999	1	360	92.23901098901099
0	99999999999999999	1	239	94.4015444015444
1	1034	1	360	97.1964782205746
0	99999999999999999	1	360	98.57736572890025
0	99999999999999999	0	99999999999999999	71.32471728594507
0	99999999999999999	0	99999999999999999	81.91041347626339
1	545	1	571	87.09871589085071
0	99999999999999999	1	582	90.72379367720467
1	233	1	360	83.15573770491804
0	99999999999999999	1	615	87.32394366197182
0	99999999999999999	1	360	94.08567774936061
1	195	1	199	86.6703539823009
1	445	1	449	94.48529411764704
1	217	1	257	94.16666666666667
0	99999999999999999	1	132	75.8736559139785
0	99999999999999999	0	99999999999999999	72.59535655058043
0	99999999999999999	0	99999999999999999	78.6050156739812
1	331	1	335	93.56725146198829
0	99999999999999999	1	360	91.60583941605839
1	267	1	271	92.60979729729729
1	449	1	457	86.33540372670807
0	99999999999999999	1	360	93.47527472527472
0	99999999999999999	1	141	91.42011834319526
1	284	1	288	88.34808259587021
0	99999999999999999	1	360	97.54068047337277
0	99999999999999999	1	1511	97.00063816209317
0	99999999999999999	0	99999999999999999	81.49399399399401
1	413	1	417	90.48723897911832
0	99999999999999999	0	99999999999999999	85.92271293375394
0	99999999999999999	0	99999999999999999	78.314696485623
0	99999999999999999	0	99999999999999999	89.47160883280758
0	99999999999999999	1	420	86.99494949494951
0	99999999999999999	1	206	85.80786026200873
1	348	1	352	89.81854838709677
1	189	1	193	88.58447488584474
1	1375	1	2650	99.51292618958412
0	99999999999999999	1	360	96.24200426439232
0	99999999999999999	0	99999999999999999	70.63999999999999
0	99999999999999999	1	440	87.57684426229508
0	99999999999999999	0	99999999999999999	88.97710487444607
0	99999999999999999	1	388	90.97721822541966
0	99999999999999999	1	380	91.7892156862745
0	99999999999999999	0	99999999999999999	86.56351791530943
0	99999999999999999	1	273	91.7235494880546
0	99999999999999999	1	200	91.64798206278027
1	395	1	399	97.12677725118483
0	99999999999999999	1	133	83.13253012048193
1	875	1	360	99.37950360288232
0	99999999999999999	0	99999999999999999	80.41322314049589
0	99999999999999999	0	99999999999999999	74.7159090909091
1	362	1	480	89.1057934508816
0	99999999999999999	0	99999999999999999	86.4777618364419
1	365	1	369	90.00000000000001
0	99999999999999999	1	203	87.27272727272727
0	99999999999999999	1	488	94.22330097087378
0	99999999999999999	1	191	89.15525114155251
0	99999999999999999	1	340	88.76623376623377
1	199	1	203	92.20779220779221
0	99999999999999999	1	129	86.7741935483871
0	99999999999999999	0	99999999999999999	68.95032051282051
0	99999999999999999	0	99999999999999999	80.51994301994303
0	99999999999999999	0	99999999999999999	82.76422764227642
0	99999999999999999	1	398	89.6816037735849
0	99999999999999999	1	360	89.13043478260869
1	339	1	343	88.25757575757575
1	193	1	519	96.24769797421732
0	99999999999999999	1	293	87.109375
0	99999999999999999	1	483	94.15520628683694
1	2306	1	2438	99.44173771822982
0	99999999999999999	1	390	95.45180722891567
0	99999999999999999	0	99999999999999999	78.14009661835748
0	99999999999999999	0	99999999999999999	84.22098569157394
0	99999999999999999	0	99999999999999999	70.04
0	99999999999999999	1	600	90.4970760233918
0	99999999999999999	1	185	89.6039603960396
0	99999999999999999	1	480	78.81205673758866
1	213	1	238	92.76315789473685
0	99999999999999999	1	360	94.20731707317073
0	99999999999999999	1	340	93.6986301369863
0	99999999999999999	1	707	97.23177441540578
0	99999999999999999	1	420	96.82572614107883
0	99999999999999999	0	99999999999999999	69.81404958677685
1	382	1	386	87.531328320802
0	99999999999999999	0	99999999999999999	78.62377850162866
0	99999999999999999	1	210	88.56382978723404
0	99999999999999999	1	540	83.30745341614906
0	99999999999999999	1	185	90.44471153846155
0	99999999999999999	1	258	90.72580645161288
1	261	1	265	91.40893470790377
0	99999999999999999	1	360	96.00746268656718
0	99999999999999999	1	420	97.0562645011601
1	685	1	360	97.8698224852071
0	99999999999999999	0	99999999999999999	77.15097402597404
0	99999999999999999	1	600	75.8177570093458
0	99999999999999999	1	302	88.5258358662614
0	99999999999999999	0	99999999999999999	83.17230273752013
0	99999999999999999	1	386	95.82309582309583
1	469	1	540	93.54674796747967
0	99999999999999999	1	360	90.01777251184835
1	188	1	192	91.11238532110092
0	99999999999999999	1	360	96.20967741935482
0	99999999999999999	1	360	96.52230971128608
1	180	1	458	96.6167355371901
0	99999999999999999	0	99999999999999999	76.91680261011419
0	99999999999999999	0	99999999999999999	77.94117647058825
0	99999999999999999	0	99999999999999999	83.38045234248789
1	431	1	468	88.76992031872508
1	235	1	360	90.25800711743773
1	196	1	200	82.76022304832713
0	99999999999999999	1	360	95.97732181425485
1	708	1	712	97.41554054054055
1	406	1	360	93.3951965065502
0	99999999999999999	1	156	86.22881355932203
1	1171	1	360	98.89292795769992
0	99999999999999999	0	99999999999999999	79.53047775947283
0	99999999999999999	0	99999999999999999	76.56765676567657
0	99999999999999999	1	324	90.33764367816092
1	428	1	432	80.61951754385964
1	424	1	428	90.48793859649122
0	99999999999999999	1	192	89.79357798165138
0	99999999999999999	1	360	94.48529411764707
0	99999999999999999	1	321	95.32608695652173
0	99999999999999999	1	360	95.6164383561644
0	99999999999999999	1	169	91.73076923076923
0	99999999999999999	1	129	89.79591836734693
0	99999999999999999	0	99999999999999999	73.47359735973598
0	99999999999999999	1	360	74.83498349834984
0	99999999999999999	0	99999999999999999	83.76369327073553
0	99999999999999999	0	99999999999999999	84.23137876386687
0	99999999999999999	1	420	89.52294685990339
0	99999999999999999	1	424	84.76394849785407
0	99999999999999999	1	360	91.8103448275862
1	189	1	193	92.71788990825688
1	241	1	245	90.02757352941175
1	1085	1	1790	99.03740374037403
1	219	1	223	94.27290836653385
0	99999999999999999	0	99999999999999999	74.83870967741936
0	99999999999999999	0	99999999999999999	84.76052249637156
0	99999999999999999	0	99999999999999999	79.72972972972973
1	271	1	275	81.70454545454545
0	99999999999999999	0	99999999999999999	85.25848142164782
1	326	1	362	84.35960591133004
0	99999999999999999	1	176	87.1875
1	228	1	232	94.56730769230768
0	99999999999999999	1	295	92.34375
0	99999999999999999	1	299	93.828125
0	99999999999999999	1	360	96.01593625498009
0	99999999999999999	0	99999999999999999	79.83226837060703
0	99999999999999999	0	99999999999999999	74.63006230529595
0	99999999999999999	1	660	88.74158249158249
0	99999999999999999	1	480	78.11018957345972
0	99999999999999999	1	360	91.63690476190477
0	99999999999999999	1	420	92.71680216802169
0	99999999999999999	1	237	89.03256704980842
0	99999999999999999	1	540	96.69354838709677
1	472	1	476	96.6566866267465
0	99999999999999999	1	148	91.00877192982456
0	99999999999999999	1	340	91.30859375
0	99999999999999999	0	99999999999999999	81.62358642972536
0	99999999999999999	0	99999999999999999	81.18022328548645
1	545	1	660	90.10327022375216
0	99999999999999999	1	480	90.48913043478262
0	99999999999999999	0	99999999999999999	89.65892597968069
0	99999999999999999	1	314	83.91873278236915
1	216	1	220	86.76470588235294
1	193	1	354	96.52964959568733
0	99999999999999999	1	169	78.38427947598252
0	99999999999999999	1	174	81.63716814159292
1	482	1	486	95.90686274509804
0	99999999999999999	0	99999999999999999	75.20259319286872
1	572	1	576	87.39652317880795
0	99999999999999999	0	99999999999999999	84.92537313432837
0	99999999999999999	1	360	91.69741697416974
0	99999999999999999	1	420	92.25721784776903
0	99999999999999999	1	360	81.43382352941177
0	99999999999999999	1	185	89.07004830917874
0	99999999999999999	1	137	71.27525252525251
1	374	1	378	93.2240099009901
0	99999999999999999	1	360	95.707656612529
0	99999999999999999	1	661	97.07485465116281
0	99999999999999999	0	99999999999999999	84.91935483870968
0	99999999999999999	0	99999999999999999	84.45616883116884
1	321	1	420	93.32865168539327
0	99999999999999999	0	99999999999999999	85.83724569640063
1	208	1	212	92.0212765957447
1	255	1	259	92.8448275862069
0	99999999999999999	1	434	91.03260869565217
1	291	1	295	82.87965616045845
0	99999999999999999	1	214	89.46280991735537
0	99999999999999999	1	313	93.13798219584571
0	99999999999999999	1	360	99.75787434731346
0	99999999999999999	0	99999999999999999	78.94844517184944
0	99999999999999999	1	540	88.11111111111113
1	195	1	360	90.1706231454006
0	99999999999999999	1	480	86.86386768447836
1	417	1	436	89.0521064301552
1	131	1	135	74.73958333333333
0	99999999999999999	1	198	87.89414414414415
1	159	1	163	75.32608695652173
0	99999999999999999	1	420	96.35300668151449
1	876	1	880	97.69845644983462
0	99999999999999999	1	420	98.56601731601731
0	99999999999999999	0	99999999999999999	84.55766192733017
0	99999999999999999	1	360	73.07377049180327
0	99999999999999999	1	171	95.0
0	99999999999999999	1	357	82.58463541666667
0	99999999999999999	1	420	91.29656160458453
1	412	1	416	94.22860360360362
0	99999999999999999	1	360	84.2687074829932
1	271	1	275	91.93143812709029
0	99999999999999999	1	360	95.39603960396039
0	99999999999999999	1	199	92.62387387387386
0	99999999999999999	0	99999999999999999	79.7676282051282
0	99999999999999999	0	99999999999999999	71.97346600331674
0	99999999999999999	0	99999999999999999	80.98360655737706
0	99999999999999999	1	183	90.51932367149759
0	99999999999999999	1	180	90.79268292682926
1	331	1	360	94.75476839237058
1	190	1	203	87.39082969432314
0	99999999999999999	1	184	93.09523809523809
0	99999999999999999	1	420	96.54494382022473
1	180	1	383	96.82098765432097
1	315	1	420	93.45890410958904
0	99999999999999999	0	99999999999999999	80.0580431177446
0	99999999999999999	0	99999999999999999	77.04248366013073
1	299	1	303	93.9829192546584
0	99999999999999999	1	377	94.83830845771143
0	99999999999999999	1	382	90.33536585365853
0	99999999999999999	1	189	89.3107476635514
0	99999999999999999	1	360	95.81239530988276
1	477	1	481	89.49240986717267
1	262	1	360	82.95795795795794
0	99999999999999999	1	360	90.66229116945107
1	188	1	409	99.2451690821256
0	99999999999999999	0	99999999999999999	71.07535321821035
0	99999999999999999	0	99999999999999999	77.79937791601867
0	99999999999999999	1	376	88.13291139240506
1	239	1	360	91.39492753623189
0	99999999999999999	1	540	93.80907372400758
0	99999999999999999	1	420	95.03424657534246
0	99999999999999999	1	420	97.0687984496124
1	148	1	152	82.72251308900525
0	99999999999999999	1	255	95.35714285714286
1	270	1	278	94.12006578947368
0	99999999999999999	1	123	71.72774869109948
0	99999999999999999	0	99999999999999999	72.4124203821656
1	488	1	492	83.9599609375
0	99999999999999999	0	99999999999999999	81.25990491283677
0	99999999999999999	1	360	85.76271186440677
0	99999999999999999	1	298	90.12539184952979
1	286	1	290	87.78135048231512
0	99999999999999999	1	156	86.88858695652175
1	232	1	360	93.3385579937304
0	99999999999999999	1	360	95.29891304347825
1	241	1	245	94.23791821561339
1	3356	1	3718	99.63913392141139
