0	99999999999999999	0	99999999999999999	71.38157894736842
0	99999999999999999	0	99999999999999999	76.2251148545176
0	99999999999999999	1	556	85.34110535405871
1	700	1	711	92.56114130434783
0	99999999999999999	0	99999999999999999	84.11971830985915
1	691	1	714	95.96283783783784
1	219	1	234	89.38953488372093
1	232	1	309	93.3955223880597
1	352	1	427	92.71064301552107
1	210	1	224	96.47177419354838
1	420	1	486	96.72211350293543
0	99999999999999999	0	99999999999999999	87.45915032679738
0	99999999999999999	0	99999999999999999	85.33730158730158
0	99999999999999999	0	99999999999999999	89.47750362844702
1	666	1	686	90.77340569877882
1	412	1	696	96.54993065187239
1	487	1	491	89.73300970873785
1	260	1	264	78.15384615384615
1	404	1	502	92.94507575757576
1	784	1	788	97.28194103194105
1	184	1	188	92.37089201877934
1	300	1	342	96.1195054945055
0	99999999999999999	0	99999999999999999	76.07438016528924
0	99999999999999999	0	99999999999999999	72.55608974358974
1	677	1	683	87.0768688293371
0	99999999999999999	0	99999999999999999	89.37956204379562
1	654	1	696	89.92718446601941
1	534	1	649	91.78470254957506
1	370	1	427	92.66666666666666
1	341	1	384	95.51361386138615
0	99999999999999999	1	133	87.18152866242038
1	180	1	184	92.61083743842364
1	202	1	239	93.03921568627452
0	99999999999999999	0	99999999999999999	81.81451612903227
0	99999999999999999	0	99999999999999999	72.97520661157024
0	99999999999999999	0	99999999999999999	81.89786585365854
1	523	0	99999999999999999	84.84563253012048
1	129	1	133	85.88709677419354
1	264	1	400	95.04107981220658
1	482	1	595	96.29254457050241
1	198	1	212	90.3125
1	192	1	206	91.02564102564102
1	184	1	188	94.58333333333334
1	175	1	179	94.16243654822334
0	99999999999999999	0	99999999999999999	74.0924092409241
0	99999999999999999	0	99999999999999999	88.25158227848101
1	295	1	309	89.44610778443115
0	99999999999999999	0	99999999999999999	86.40953150242326
1	244	1	375	96.07231920199501
1	372	1	429	94.06873614190687
1	197	1	201	90.0330396475771
0	99999999999999999	1	128	94.66666666666667
1	375	1	390	94.66867469879519
0	99999999999999999	1	182	92.375
1	454	1	458	94.24479166666666
0	99999999999999999	0	99999999999999999	72.03322784810126
0	99999999999999999	0	99999999999999999	77.29037267080744
0	99999999999999999	0	99999999999999999	75.77881619937695
1	556	1	597	92.0967741935484
1	385	1	410	89.81164383561645
1	312	1	325	93.46098265895952
1	306	1	310	83.17307692307692
1	139	1	143	87.13235294117646
1	406	1	413	94.48614318706697
0	99999999999999999	1	231	95.654296875
1	125	1	129	87.50000000000001
0	99999999999999999	0	99999999999999999	75.55205047318613
0	99999999999999999	0	99999999999999999	75.37147102526002
1	478	1	494	90.37162162162161
0	99999999999999999	0	99999999999999999	81.08308605341247
0	99999999999999999	1	314	82.44837758112095
0	99999999999999999	0	99999999999999999	85.82202111613876
1	136	1	154	91.94444444444443
1	516	1	530	98.09981684981685
1	227	1	509	95.8644859813084
1	554	1	558	96.95017182130584
1	205	1	239	94.72433460076046
0	99999999999999999	0	99999999999999999	81.37181409295351
0	99999999999999999	0	99999999999999999	74.86220472440945
0	99999999999999999	0	99999999999999999	75.1639344262295
0	99999999999999999	1	304	89.3531976744186
1	238	1	325	90.08620689655173
1	557	1	691	89.31940700808626
1	240	1	365	94.51923076923076
1	294	1	358	91.17838541666666
1	133	1	212	91.859243697479
1	596	1	623	97.76234567901236
1	865	1	964	98.17997977755309
0	99999999999999999	0	99999999999999999	80.1388888888889
0	99999999999999999	0	99999999999999999	78.55371900826447
0	99999999999999999	0	99999999999999999	88.03453947368422
1	300	1	304	89.96913580246913
0	99999999999999999	0	99999999999999999	83.37227414330218
0	99999999999999999	1	182	95.51282051282051
1	268	1	272	93.04166666666667
1	224	1	270	93.19727891156464
0	99999999999999999	1	218	91.37755102040816
1	338	1	363	95.97186700767264
1	226	1	369	95.46319796954316
0	99999999999999999	0	99999999999999999	79.39852700490998
0	99999999999999999	0	99999999999999999	76.87101910828025
0	99999999999999999	0	99999999999999999	81.02134146341463
1	249	1	257	93.10185185185185
1	172	1	185	86.08490566037736
1	373	1	530	92.17902350813743
1	323	1	338	92.54032258064515
1	408	1	412	93.99202733485194
1	335	1	349	91.25335120643432
1	274	1	278	95.39473684210527
1	274	1	278	95.28688524590166
0	99999999999999999	0	99999999999999999	75.94884488448844
0	99999999999999999	0	99999999999999999	86.42745709828392
0	99999999999999999	0	99999999999999999	82.70440251572326
1	562	1	566	83.67346938775509
0	99999999999999999	0	99999999999999999	86.83385579937304
1	262	1	307	86.86440677966101
1	482	1	486	92.8082191780822
1	210	1	231	92.3828125
1	412	1	438	90.15151515151514
1	155	1	168	93.68421052631578
1	188	1	204	93.61471861471863
0	99999999999999999	0	99999999999999999	63.572607260726066
0	99999999999999999	0	99999999999999999	76.90129449838187
1	453	0	99999999999999999	90.12841091492777
0	99999999999999999	0	99999999999999999	86.7879746835443
1	404	1	512	94.82838589981448
1	303	1	319	95.53314121037464
1	368	1	372	79.65856481481481
1	505	1	738	93.39005235602093
1	189	1	193	91.55251141552512
1	204	1	248	92.11956521739131
1	260	1	269	90.1271186440678
0	99999999999999999	0	99999999999999999	71.98624595469255
0	99999999999999999	0	99999999999999999	73.23190789473684
0	99999999999999999	0	99999999999999999	85.062893081761
1	221	1	248	95.18129770992367
1	407	1	722	91.53329065300896
1	182	1	186	89.05502392344498
1	556	1	705	94.30880330123796
1	430	1	434	94.66630196936542
1	362	1	403	93.69186046511629
1	154	1	158	93.34239130434783
1	566	1	3353	99.33431952662721
0	99999999999999999	0	99999999999999999	67.56978653530378
0	99999999999999999	0	99999999999999999	78.78289473684211
1	604	1	608	81.7230273752013
0	99999999999999999	0	99999999999999999	89.72222222222223
1	137	1	401	88.49036402569592
1	411	1	543	92.60159010600707
0	99999999999999999	1	125	89.75
1	313	1	346	96.4629120879121
1	134	1	214	94.27083333333333
1	222	1	1150	98.53066439522999
1	232	1	405	94.3313953488372
0	99999999999999999	0	99999999999999999	63.2669983416252
0	99999999999999999	0	99999999999999999	80.20516717325228
0	99999999999999999	0	99999999999999999	79.92063492063491
0	99999999999999999	1	340	93.93835616438355
0	99999999999999999	1	183	91.58653846153847
1	124	1	249	88.5204081632653
1	270	1	316	90.2046783625731
0	99999999999999999	1	328	88.60085227272727
1	186	1	190	92.67441860465117
1	294	1	407	96.31336405529953
0	99999999999999999	1	384	95.99633251833741
0	99999999999999999	0	99999999999999999	65.42904290429044
0	99999999999999999	0	99999999999999999	81.48373983739837
1	443	0	99999999999999999	85.47848664688428
0	99999999999999999	0	99999999999999999	85.04224270353302
0	99999999999999999	1	404	94.45093457943926
1	264	1	326	88.75718390804597
1	129	1	133	80.73770491803279
1	357	1	422	95.97409909909909
1	391	1	395	90.80459770114942
0	99999999999999999	1	444	93.48175965665236
1	174	1	197	92.38888888888889
0	99999999999999999	0	99999999999999999	77.3623511904762
0	99999999999999999	0	99999999999999999	82.11043872919818
0	99999999999999999	0	99999999999999999	83.7295690936107
0	99999999999999999	0	99999999999999999	83.30645161290322
0	99999999999999999	1	344	92.01101928374656
1	424	1	491	95.61657032755298
1	434	1	439	91.55913978494624
1	436	1	472	96.91919191919193
0	99999999999999999	1	225	91.58163265306123
0	99999999999999999	1	124	88.66666666666667
1	243	1	247	92.22727272727275
0	99999999999999999	0	99999999999999999	77.29508196721312
0	99999999999999999	0	99999999999999999	81.00746268656717
0	99999999999999999	0	99999999999999999	86.6030534351145
1	672	1	676	92.61444921316166
1	537	1	589	95.23026315789474
1	307	1	311	89.14179104477611
1	398	1	402	95.10095011876486
0	99999999999999999	1	219	93.08401639344262
1	287	1	368	94.51923076923076
1	134	1	138	87.14887640449439
1	195	1	214	93.05555555555554
0	99999999999999999	0	99999999999999999	75.63391442155309
0	99999999999999999	0	99999999999999999	86.31810897435896
1	662	1	666	84.78854024556618
0	99999999999999999	0	99999999999999999	82.23484848484848
0	99999999999999999	1	542	89.7133220910624
0	99999999999999999	1	124	88.66666666666666
1	271	1	284	91.88311688311688
1	471	1	475	91.27733598409543
1	210	1	214	90.23760330578511
0	99999999999999999	1	200	83.03571428571429
1	609	1	613	90.08172362555719
0	99999999999999999	0	99999999999999999	81.6747572815534
0	99999999999999999	0	99999999999999999	80.1062091503268
0	99999999999999999	0	99999999999999999	77.8052805280528
1	300	1	304	86.07142857142856
1	337	1	361	95.2120822622108
0	99999999999999999	1	368	87.65169902912622
1	240	1	459	96.31742738589212
1	256	1	260	93.88686131386861
1	250	1	272	94.001677852349
1	359	1	441	94.56638115631691
1	678	1	861	98.75706214689265
0	99999999999999999	0	99999999999999999	79.07258064516128
0	99999999999999999	0	99999999999999999	84.86628849270666
0	99999999999999999	1	242	77.13815789473684
0	99999999999999999	0	99999999999999999	89.51612903225806
1	363	1	379	91.56976744186046
1	235	1	435	97.42239467849224
1	519	1	540	96.3809946714032
1	322	1	336	95.54317548746519
1	237	1	241	93.65671641791045
0	99999999999999999	1	130	90.50632911392405
0	99999999999999999	1	350	97.16666666666666
0	99999999999999999	0	99999999999999999	68.01948051948052
1	416	0	99999999999999999	82.43517017828202
0	99999999999999999	0	99999999999999999	89.72852512155593
0	99999999999999999	0	99999999999999999	83.42026825633384
0	99999999999999999	1	595	95.18459069020865
1	345	1	366	89.45012787723785
0	99999999999999999	1	197	91.57366071428571
1	164	1	168	81.99541284403671
1	238	1	273	93.70805369127517
1	211	1	225	91.38104838709677
1	199	1	203	80.10299625468164
0	99999999999999999	0	99999999999999999	72.77947932618683
0	99999999999999999	0	99999999999999999	79.32847896440128
0	99999999999999999	1	428	83.6092715231788
0	99999999999999999	0	99999999999999999	87.23684210526316
1	228	1	257	85.77868852459017
1	346	1	387	90.72104018912529
1	263	1	391	96.2112171837709
1	138	1	242	94.54887218045113
1	264	1	278	90.78947368421053
1	765	1	784	97.74691358024693
1	1444	1	1457	97.71068347710683
0	99999999999999999	0	99999999999999999	73.52236421725239
1	539	1	543	84.98743718592964
0	99999999999999999	0	99999999999999999	88.36065573770492
0	99999999999999999	0	99999999999999999	92.2063253012048
1	223	1	251	95.018115942029
1	129	1	244	92.82407407407408
1	281	1	403	93.61888111888112
1	455	1	468	95.08568548387096
0	99999999999999999	1	722	95.10360962566845
0	99999999999999999	1	129	87.17105263157895
1	205	1	456	95.93749999999999
0	99999999999999999	0	99999999999999999	82.11477987421384
0	99999999999999999	0	99999999999999999	74.24
0	99999999999999999	0	99999999999999999	94.17910447761196
1	546	0	99999999999999999	86.89117199391171
0	99999999999999999	0	99999999999999999	84.93740219092334
1	407	1	508	92.50936329588016
0	99999999999999999	1	249	83.47791798107255
0	99999999999999999	1	346	96.99453551912568
1	164	1	212	94.58874458874459
1	187	1	269	90.78498293515358
0	99999999999999999	1	681	97.51420454545453
0	99999999999999999	0	99999999999999999	72.30273752012883
0	99999999999999999	0	99999999999999999	78.78289473684211
1	656	1	669	91.92446043165468
0	99999999999999999	1	362	85.95717884130984
0	99999999999999999	1	510	82.38847583643123
1	184	1	201	89.15525114155251
1	394	1	421	89.11889596602973
1	158	1	162	79.85436893203882
1	245	1	249	92.91666666666667
1	283	1	287	95.83333333333334
0	99999999999999999	0	99999999999999999	79.34782608695653
0	99999999999999999	0	99999999999999999	83.17230273752013
1	358	0	99999999999999999	91.21428571428571
1	482	1	486	90.6187624750499
0	99999999999999999	0	99999999999999999	87.08333333333334
1	185	1	210	90.7608695652174
1	236	1	494	95.33102766798419
1	291	1	304	93.37349397590361
1	185	1	189	91.88084112149532
1	248	1	295	89.46220930232558
1	219	1	223	94.01709401709401
0	99999999999999999	0	99999999999999999	79.62356792144026
0	99999999999999999	0	99999999999999999	84.74609375
0	99999999999999999	0	99999999999999999	89.93506493506493
0	99999999999999999	0	99999999999999999	86.56351791530945
0	99999999999999999	1	254	93.57014388489209
1	210	1	237	91.65057915057916
1	304	1	319	91.20639534883723
1	394	1	398	86.42776523702032
1	260	1	273	93.0232558139535
1	432	1	732	97.56258234519105
1	430	1	434	95.3021978021978
1	450	1	501	85.75418994413407
0	99999999999999999	0	99999999999999999	86.10223642172524
0	99999999999999999	1	260	80.20104895104896
0	99999999999999999	1	249	87.81934306569342
0	99999999999999999	1	262	89.69298245614034
0	99999999999999999	1	377	88.48684210526315
1	168	1	172	93.26923076923076
1	141	1	145	90.75443786982248
1	209	1	232	92.67578125
1	296	1	592	97.92006525285481
1	255	1	268	95.36564625850339
0	99999999999999999	0	99999999999999999	79.26929392446634
0	99999999999999999	0	99999999999999999	80.03846153846155
1	643	1	671	88.36971350613915
0	99999999999999999	1	676	90.82503556187767
1	219	1	554	96.7013888888889
1	145	1	265	94.47368421052633
1	492	1	496	90.7265774378585
0	99999999999999999	1	124	89.08333333333333
1	310	1	400	95.05395683453237
1	450	1	477	97.025
1	196	1	210	96.3470319634703
0	99999999999999999	0	99999999999999999	77.15097402597402
0	99999999999999999	0	99999999999999999	78.46774193548387
1	367	1	371	87.71984924623116
0	99999999999999999	1	204	94.41371681415929
0	99999999999999999	0	99999999999999999	89.78129713423832
1	424	1	645	94.73094170403587
1	304	1	456	93.17468619246861
1	237	1	294	93.28125
1	435	1	575	94.3864774624374
1	159	1	163	88.17567567567569
1	261	1	904	98.25268817204301
0	99999999999999999	0	99999999999999999	75.33003300330033
0	99999999999999999	0	99999999999999999	79.07258064516128
0	99999999999999999	0	99999999999999999	78.92011834319526
1	650	1	669	86.15463215258856
0	99999999999999999	0	99999999999999999	90.01479289940829
1	416	1	543	92.85087719298247
1	388	1	423	96.97986577181209
1	284	1	301	94.6923076923077
1	291	1	304	94.11094224924011
1	207	1	261	93.39285714285712
0	99999999999999999	1	189	93.98809523809523
0	99999999999999999	0	99999999999999999	72.94715447154472
0	99999999999999999	0	99999999999999999	84.30511182108627
1	546	1	561	94.53528399311533
1	312	1	483	94.93110236220471
1	244	1	248	92.89033457249073
1	486	1	490	92.80373831775702
1	499	1	539	95.61287477954143
0	99999999999999999	1	334	92.5925925925926
1	257	1	271	92.18227424749162
1	195	1	238	91.58834586466166
1	120	1	124	87.92808219178082
0	99999999999999999	0	99999999999999999	72.23101265822784
0	99999999999999999	0	99999999999999999	75.14415156507414
0	99999999999999999	0	99999999999999999	81.85419968304281
0	99999999999999999	1	306	88.19444444444444
0	99999999999999999	1	184	89.61352657004831
0	99999999999999999	1	295	91.6015625
1	250	1	297	91.61490683229815
1	128	1	443	95.93085106382979
0	99999999999999999	1	201	92.578125
0	99999999999999999	1	371	93.28880407124683
1	399	1	422	95.4337899543379
0	99999999999999999	0	99999999999999999	74.65503246753246
0	99999999999999999	0	99999999999999999	83.17230273752013
1	410	0	99999999999999999	90.36231884057972
0	99999999999999999	0	99999999999999999	87.71428571428571
1	289	1	324	94.07703488372091
0	99999999999999999	0	99999999999999999	91.25405844155843
0	99999999999999999	1	197	93.60730593607305
1	128	1	253	93.32740213523132
0	99999999999999999	1	278	95.81939799331104
1	317	1	514	95.35315985130111
1	451	1	511	97.53752345215759
0	99999999999999999	0	99999999999999999	69.74723538704582
0	99999999999999999	0	99999999999999999	79.98405103668263
0	99999999999999999	0	99999999999999999	85.62091503267975
1	346	1	372	86.76643192488264
1	154	1	242	93.49056603773586
0	99999999999999999	1	154	89.67696629213484
0	99999999999999999	1	276	92.66211604095564
1	373	1	390	87.5
1	430	1	446	96.37096774193547
1	379	1	383	86.00230414746542
1	124	1	1082	98.6913357400722
0	99999999999999999	0	99999999999999999	72.85478547854785
1	488	1	660	79.77879799666111
0	99999999999999999	0	99999999999999999	85.28287461773701
1	423	0	99999999999999999	92.97709923664122
0	99999999999999999	1	415	88.07077625570776
1	437	1	480	94.43877551020408
1	204	1	221	89.380081300813
1	138	1	142	69.26829268292683
0	99999999999999999	1	306	94.44864048338368
1	171	1	212	94.08995815899581
1	300	1	645	96.90298507462687
0	99999999999999999	0	99999999999999999	69.53125
0	99999999999999999	0	99999999999999999	86.47103658536585
0	99999999999999999	0	99999999999999999	81.67077175697865
1	609	1	632	87.19135802469134
1	438	1	442	94.11290322580645
1	554	1	578	88.67056856187291
0	99999999999999999	1	271	93.3050847457627
1	317	1	738	96.14882506527417
1	216	1	220	91.68367346938774
1	150	1	154	90.06944444444444
0	99999999999999999	1	204	95.92633928571429
0	99999999999999999	0	99999999999999999	76.41815235008104
0	99999999999999999	0	99999999999999999	72.9471544715447
0	99999999999999999	0	99999999999999999	85.25848142164783
0	99999999999999999	0	99999999999999999	78.71031746031747
1	674	1	678	89.34659090909092
1	246	1	472	95.54828973843057
0	99999999999999999	1	154	90.22988505747125
1	189	1	207	92.20779220779222
1	253	1	277	92.55852842809365
1	330	1	334	94.93055555555556
1	129	1	142	94.0909090909091
0	99999999999999999	0	99999999999999999	74.96234939759036
0	99999999999999999	0	99999999999999999	74.84126984126985
0	99999999999999999	0	99999999999999999	74.96087636932707
1	406	1	567	85.33249158249158
1	659	1	663	89.07330567081604
1	241	1	265	93.04607508532423
0	99999999999999999	1	302	92.32253086419752
1	273	1	410	97.35632183908046
1	137	1	141	85.28225806451613
1	333	1	586	95.25082236842104
1	290	1	319	95.67723342939482
0	99999999999999999	0	99999999999999999	80.20186335403727
0	99999999999999999	0	99999999999999999	82.64
0	99999999999999999	0	99999999999999999	85.33805031446542
1	422	1	672	93.36376404494384
1	243	1	247	85.23148148148147
1	550	1	864	94.78699551569505
1	183	1	197	93.80580357142857
1	165	1	192	87.02330508474577
1	324	1	384	95.53571428571429
1	125	1	254	93.10035842293907
0	99999999999999999	1	128	89.83870967741936
0	99999999999999999	0	99999999999999999	83.10530679933665
0	99999999999999999	0	99999999999999999	85.14227642276424
0	99999999999999999	0	99999999999999999	88.21969696969695
1	320	1	611	90.1263823064771
1	305	1	340	94.24931129476583
1	154	1	207	94.64285714285714
1	416	1	508	93.05816135084427
1	200	1	204	91.86681222707425
1	184	1	188	91.00467289719626
1	272	1	331	93.1975138121547
1	288	1	313	95.45454545454545
0	99999999999999999	0	99999999999999999	82.15163934426229
0	99999999999999999	0	99999999999999999	83.17460317460318
0	99999999999999999	1	377	81.83249370277079
1	520	0	99999999999999999	88.12305295950156
1	355	1	368	83.63526570048309
1	180	1	184	87.44103773584906
0	99999999999999999	1	197	89.72222222222223
1	235	1	262	93.31293706293707
1	218	1	222	91.43145161290323
0	99999999999999999	1	729	97.85000000000001
1	199	1	203	91.68502202643171
0	99999999999999999	0	99999999999999999	78.53697749196142
0	99999999999999999	0	99999999999999999	78.81832797427653
0	99999999999999999	0	99999999999999999	79.04471544715446
1	308	1	326	92.39285714285715
1	438	1	757	91.13196125907992
1	380	1	394	94.37203791469193
1	195	1	311	95.12012012012012
1	364	1	426	95.69256756756758
1	452	1	456	94.91219008264463
0	99999999999999999	1	193	88.93348623853211
1	206	1	234	93.2806324110672
0	99999999999999999	0	99999999999999999	69.81658692185009
0	99999999999999999	0	99999999999999999	79.44321533923303
1	414	1	559	93.02030456852792
0	99999999999999999	1	182	85.11029411764706
0	99999999999999999	0	99999999999999999	88.22916666666667
1	138	1	219	92.67418032786884
1	301	1	328	91.6784702549575
1	635	1	819	93.87603795966785
1	301	1	315	91.55982905982904
1	218	1	222	93.08943089430895
1	119	1	183	89.36298076923076
0	99999999999999999	0	99999999999999999	80.5008210180624
0	99999999999999999	0	99999999999999999	76.93256578947368
0	99999999999999999	0	99999999999999999	82.70161290322581
1	362	1	366	89.41326530612244
0	99999999999999999	0	99999999999999999	88.75195618153366
1	579	1	620	85.74888226527571
0	99999999999999999	1	270	92.03389830508476
1	334	1	347	96.27371273712737
1	481	1	522	95.24680073126142
1	364	1	381	96.71875
1	474	1	558	97.03315881326353
0	99999999999999999	0	99999999999999999	72.07062600321026
0	99999999999999999	0	99999999999999999	84.7776073619632
0	99999999999999999	0	99999999999999999	82.05928237129486
1	365	1	568	88.05031446540879
0	99999999999999999	1	409	86.67728237791933
1	404	1	717	92.4025974025974
1	429	1	537	94.60176991150443
1	363	1	388	84.36059907834101
1	195	1	220	95.81632653061224
1	459	1	463	91.95906432748538
1	523	1	527	96.81818181818183
0	99999999999999999	0	99999999999999999	70.60483870967742
0	99999999999999999	0	99999999999999999	83.70078740157481
0	99999999999999999	0	99999999999999999	91.10764430577223
1	329	1	380	93.93382352941177
1	187	1	200	85.36184210526316
0	99999999999999999	1	144	85.87278106508876
1	504	1	714	95.91216216216216
1	232	1	236	91.50763358778626
1	198	1	228	94.12055335968378
1	488	1	513	96.77643784786643
1	133	1	137	90.8179012345679
0	99999999999999999	0	99999999999999999	74.28745928338762
0	99999999999999999	0	99999999999999999	78.38582677165354
0	99999999999999999	0	99999999999999999	76.26382306477093
1	244	1	248	91.86363636363636
1	219	1	308	94.56845238095238
1	541	1	545	93.8374125874126
1	280	1	313	95.46130952380953
1	294	1	298	88.61538461538461
1	169	1	173	72.9253112033195
1	190	1	209	87.64763779527559
0	99999999999999999	1	249	94.02777777777777
0	99999999999999999	0	99999999999999999	79.79294478527606
0	99999999999999999	0	99999999999999999	78.09119010819165
0	99999999999999999	0	99999999999999999	77.77777777777779
0	99999999999999999	0	99999999999999999	82.15447154471545
0	99999999999999999	0	99999999999999999	90.19756838905776
1	235	1	265	94.14062500000001
0	99999999999999999	1	360	92.33766233766232
1	193	1	219	93.47165991902834
1	167	1	171	88.98963730569949
1	373	1	604	96.76073131955485
1	155	1	159	88.64864864864865
1	490	1	518	75.65197841726618
0	99999999999999999	0	99999999999999999	77.03533026113672
0	99999999999999999	0	99999999999999999	75.70480928689882
1	500	1	542	87.41212653778558
1	417	1	482	93.9697265625
0	99999999999999999	1	409	92.78735632183907
1	127	1	191	93.0232558139535
1	319	1	348	95.18970189701896
1	480	1	513	96.1734693877551
0	99999999999999999	1	172	89.41326530612244
0	99999999999999999	1	244	93.68029739776951
0	99999999999999999	0	99999999999999999	69.34959349593495
0	99999999999999999	0	99999999999999999	81.63183279742765
0	99999999999999999	0	99999999999999999	87.38170347003154
1	196	0	99999999999999999	94.8361280487805
1	367	1	410	91.21543778801842
0	99999999999999999	1	306	91.96969696969697
1	431	1	494	89.67391304347827
1	441	1	759	96.77522349936143
1	318	1	493	93.8701923076923
0	99999999999999999	1	314	91.40855457227138
1	1620	1	1633	98.92878696439348
0	99999999999999999	0	99999999999999999	72.70932069510269
0	99999999999999999	0	99999999999999999	81.79179566563468
1	405	0	99999999999999999	87.46223564954684
0	99999999999999999	1	330	88.27683615819208
1	319	1	332	90.18115942028986
1	417	1	559	90.60344827586206
1	225	1	246	92.29014598540147
0	99999999999999999	1	186	89.82142857142858
0	99999999999999999	1	244	94.26305970149255
1	198	1	287	93.81028938906753
0	99999999999999999	1	134	89.75806451612902
0	99999999999999999	0	99999999999999999	70.82018927444796
0	99999999999999999	0	99999999999999999	84.04684975767367
0	99999999999999999	0	99999999999999999	88.20370370370371
1	680	1	698	90.81597222222223
1	419	1	498	91.5359778597786
1	336	1	368	86.00917431192661
0	99999999999999999	1	379	89.60918114143921
1	228	1	482	95.73529411764706
1	312	1	316	95.83333333333333
1	300	1	315	96.61764705882354
1	326	1	330	94.96478873239435
0	99999999999999999	0	99999999999999999	78.42409240924093
0	99999999999999999	0	99999999999999999	82.09355828220859
1	475	1	485	80.9981684981685
1	124	1	137	89.3939393939394
0	99999999999999999	0	99999999999999999	84.72447325769855
1	447	1	499	93.86488970588235
1	308	1	333	94.72222222222223
1	216	1	220	93.31632653061224
0	99999999999999999	1	126	88.74999999999999
1	324	1	531	95.70593525179856
1	195	1	223	93.95161290322581
0	99999999999999999	0	99999999999999999	69.30327868852459
0	99999999999999999	0	99999999999999999	77.74339933993399
0	99999999999999999	0	99999999999999999	83.43949044585986
0	99999999999999999	0	99999999999999999	86.38461538461539
0	99999999999999999	1	309	88.80988023952096
1	403	1	535	95.75089928057554
1	193	1	208	90.8119658119658
1	232	1	266	94.07216494845362
0	99999999999999999	1	132	86.63522012578618
1	195	1	285	93.13099041533545
1	180	1	184	92.36778846153845
0	99999999999999999	0	99999999999999999	76.38449367088609
0	99999999999999999	0	99999999999999999	88.94543973941369
1	439	0	99999999999999999	89.63368580060423
0	99999999999999999	0	99999999999999999	85.30075187969923
0	99999999999999999	0	99999999999999999	85.62596599690882
0	99999999999999999	1	542	90.48769771528998
1	410	1	586	88.40408805031447
1	246	1	337	93.81868131868131
1	176	1	193	91.91513761467891
1	248	1	276	93.91447368421052
1	318	1	322	95.41547277936962
0	99999999999999999	0	99999999999999999	70.49586776859505
1	489	1	505	82.12996389891697
1	516	0	99999999999999999	85.70370370370371
1	415	1	492	90.83011583011583
0	99999999999999999	1	377	91.33416458852868
1	183	1	224	93.31632653061224
1	214	1	268	93.03209459459458
1	336	1	350	93.78434065934064
1	240	1	430	95.21978021978022
1	758	1	784	97.87037037037037
1	142	1	2572	99.02772429726606
0	99999999999999999	0	99999999999999999	84.30555555555556
0	99999999999999999	0	99999999999999999	81.5955766192733
1	404	0	99999999999999999	87.8654970760234
1	575	1	602	89.6531100478469
0	99999999999999999	0	99999999999999999	83.82120253164558
1	522	1	682	97.03808180535965
1	274	1	290	89.72929936305734
1	334	1	368	94.3384223918575
1	223	1	321	93.26368876080691
1	513	1	534	95.7737030411449
1	244	1	274	94.49503311258279
0	99999999999999999	0	99999999999999999	71.61716171617162
0	99999999999999999	0	99999999999999999	84.51612903225806
0	99999999999999999	0	99999999999999999	87.24041533546327
1	555	1	609	91.62066246056783
1	242	1	246	90.37037037037038
1	412	1	698	93.84508990318119
1	503	1	518	93.20054945054943
1	220	1	228	94.39484126984127
1	277	1	300	92.81345565749237
1	228	1	232	93.23122529644269
1	169	1	173	90.86294416243655
0	99999999999999999	0	99999999999999999	79.61693548387096
1	375	1	501	85.48387096774192
0	99999999999999999	0	99999999999999999	80.90979782270607
0	99999999999999999	1	183	92.09183673469389
1	569	1	679	94.91797432239657
1	178	1	182	89.8809523809524
0	99999999999999999	1	220	93.29637096774192
1	211	1	248	93.17765567765568
0	99999999999999999	1	264	94.26724137931035
1	301	1	305	93.84441087613291
0	99999999999999999	1	129	88.79870129870129
0	99999999999999999	0	99999999999999999	85.12801204819276
0	99999999999999999	0	99999999999999999	84.87871674491393
0	99999999999999999	0	99999999999999999	83.3710407239819
1	431	1	444	92.68162393162393
0	99999999999999999	0	99999999999999999	85.05654281098546
1	309	1	313	91.32352941176471
1	131	1	138	81.78763440860214
1	173	1	204	88.62704918032786
1	183	1	197	90.1255707762557
1	244	1	248	90.23722627737226
1	981	1	1109	98.76106194690266
0	99999999999999999	0	99999999999999999	78.26257861635222
0	99999999999999999	0	99999999999999999	87.12349397590361
0	99999999999999999	0	99999999999999999	83.10372771474877
0	99999999999999999	0	99999999999999999	87.79895366218236
0	99999999999999999	0	99999999999999999	85.74249605055292
1	242	1	302	93.3282208588957
1	124	1	209	94.9235807860262
1	364	1	415	96.42045454545453
1	420	1	424	96.02777777777777
0	99999999999999999	1	238	91.79536679536679
1	129	1	237	94.34410646387835
0	99999999999999999	0	99999999999999999	66.66666666666667
0	99999999999999999	0	99999999999999999	92.08786936236392
0	99999999999999999	0	99999999999999999	75.68573667711598
1	359	1	374	87.76470588235294
1	441	1	509	93.04245283018867
1	125	1	129	86.54458598726116
1	120	1	242	93.77323420074349
0	99999999999999999	1	307	88.68501529051989
1	553	1	574	96.59849749582636
1	193	1	244	87.22222222222221
1	475	1	479	96.15575396825398
0	99999999999999999	0	99999999999999999	87.39903069466882
0	99999999999999999	0	99999999999999999	86.3349131121643
1	536	0	99999999999999999	89.90536277602526
0	99999999999999999	1	552	94.19720767888306
0	99999999999999999	1	378	90.0
1	355	1	380	91.09801488833746
1	181	1	185	87.14622641509435
1	106	1	124	88.56907894736841
0	99999999999999999	1	203	90.99999999999999
1	196	1	218	94.21874999999999
1	394	1	398	95.35714285714286
0	99999999999999999	0	99999999999999999	78.418284789644
0	99999999999999999	1	371	78.3466819221968
0	99999999999999999	0	99999999999999999	79.2259083728278
1	449	1	508	86.96524064171123
0	99999999999999999	1	163	92.39130434782608
0	99999999999999999	1	373	88.5036496350365
1	113	1	124	78.64583333333333
1	179	1	192	86.63194444444446
0	99999999999999999	1	242	93.89204545454545
1	426	1	942	96.3379917184265
1	300	1	304	87.11911357340719
0	99999999999999999	0	99999999999999999	81.02134146341463
0	99999999999999999	0	99999999999999999	66.55683690280065
0	99999999999999999	0	99999999999999999	89.02439024390243
1	417	0	99999999999999999	87.89120715350224
1	293	1	306	95.20958083832335
1	334	1	351	89.67678100263853
1	191	1	214	90.50829875518671
1	201	1	274	89.54166666666667
1	136	1	140	93.63636363636363
1	823	1	869	97.7043673012318
1	136	1	154	78.33710407239819
0	99999999999999999	0	99999999999999999	68.91447368421052
1	204	1	261	92.12802768166091
0	99999999999999999	0	99999999999999999	89.75474683544303
1	354	1	377	87.6199040767386
1	180	1	194	90.59684684684684
1	311	1	327	93.12678062678063
0	99999999999999999	1	154	93.16176470588236
1	175	1	189	91.08851674641149
1	121	1	300	94.89164086687306
1	326	1	330	95.98591549295774
1	193	1	329	94.32773109243698
0	99999999999999999	0	99999999999999999	78.46774193548387
0	99999999999999999	0	99999999999999999	84.65088282504013
0	99999999999999999	0	99999999999999999	76.91458026509574
1	717	1	721	87.80448717948718
0	99999999999999999	1	126	88.75
0	99999999999999999	1	129	87.18152866242039
0	99999999999999999	1	187	91.42512077294687
1	140	1	208	93.96929824561406
1	255	1	259	91.02787456445992
1	159	1	163	91.53439153439153
1	435	1	451	96.78191489361701
0	99999999999999999	0	99999999999999999	79.54892966360856
0	99999999999999999	0	99999999999999999	85.14729950900163
0	99999999999999999	1	420	96.02272727272727
1	173	1	186	94.53947368421052
1	428	1	432	95.94370860927152
1	299	1	330	92.40819209039547
0	99999999999999999	1	242	87.07386363636364
1	305	1	309	82.67426273458445
1	230	1	547	95.70862676056338
1	214	1	560	97.42710120068611
0	99999999999999999	1	201	95.22727272727273
0	99999999999999999	0	99999999999999999	75.70480928689884
0	99999999999999999	0	99999999999999999	81.36942675159236
0	99999999999999999	0	99999999999999999	81.38888888888887
1	104	0	99999999999999999	89.93759750390016
1	436	1	440	93.18426724137932
1	423	1	650	95.38888888888889
1	199	1	228	90.61264822134389
1	481	1	498	87.73854961832062
0	99999999999999999	1	133	88.79032258064515
1	549	1	553	95.86937716262975
1	176	1	272	94.89966555183945
0	99999999999999999	0	99999999999999999	79.53194650817235
1	596	1	609	90.72327044025157
0	99999999999999999	0	99999999999999999	83.64147909967846
1	515	0	99999999999999999	89.38253012048193
0	99999999999999999	0	99999999999999999	82.64790764790764
1	220	1	305	92.21183800623054
1	208	1	212	86.06382978723403
0	99999999999999999	1	248	89.83208955223881
1	204	1	219	92.4586776859504
1	399	1	414	95.14204545454545
1	229	1	242	92.18164794007491
0	99999999999999999	0	99999999999999999	71.4110929853181
1	404	1	498	83.69771863117872
0	99999999999999999	0	99999999999999999	83.61686390532543
0	99999999999999999	1	483	87.79761904761904
0	99999999999999999	1	190	92.95774647887323
0	99999999999999999	1	131	87.09935897435899
1	177	1	205	91.86946902654867
1	397	1	456	95.92842323651452
1	140	1	144	87.71929824561403
1	489	1	513	96.18761552680222
1	605	1	622	98.13953488372093
0	99999999999999999	0	99999999999999999	75.2827140549273
0	99999999999999999	0	99999999999999999	85.9016393442623
1	545	1	572	84.0998427672956
1	412	1	527	92.36486486486486
1	379	1	394	89.89841986455983
1	187	1	222	92.41803278688525
1	186	1	217	92.0405982905983
1	163	1	574	96.91151919866444
0	99999999999999999	1	134	94.23076923076923
1	200	1	257	94.15467625899281
0	99999999999999999	1	128	89.44805194805194
0	99999999999999999	0	99999999999999999	76.9485903814262
0	99999999999999999	0	99999999999999999	71.72523961661341
1	644	1	673	86.47820163487738
0	99999999999999999	1	273	81.5677966101695
1	318	1	324	94.91017964071855
1	243	1	259	88.71951219512196
1	317	1	321	87.75071633237822
1	234	1	247	93.31818181818181
1	189	1	225	91.79841897233202
0	99999999999999999	1	379	94.07407407407406
1	266	1	276	93.97689768976898
0	99999999999999999	0	99999999999999999	68.86401326699834
0	99999999999999999	0	99999999999999999	78.06748466257669
0	99999999999999999	0	99999999999999999	83.43799058084772
0	99999999999999999	0	99999999999999999	79.66165413533834
0	99999999999999999	1	128	88.22580645161288
1	402	1	725	90.04452926208651
1	409	1	555	93.0603448275862
1	288	1	348	94.3733153638814
1	495	1	518	95.65018315018315
1	299	1	346	95.06756756756758
1	172	1	390	95.07850241545893
0	99999999999999999	0	99999999999999999	81.93986820428337
1	479	1	495	90.76923076923077
0	99999999999999999	0	99999999999999999	88.94009216589862
0	99999999999999999	0	99999999999999999	87.30031948881789
1	283	1	320	90.68840579710145
1	144	1	148	76.89024390243902
0	99999999999999999	1	365	85.41666666666667
1	295	1	309	94.25074183976261
1	380	1	384	96.15853658536587
1	189	1	193	90.85227272727272
1	175	1	208	94.00000000000001
0	99999999999999999	0	99999999999999999	73.02419354838709
0	99999999999999999	0	99999999999999999	85.67784256559767
1	554	1	663	93.03338171262698
1	429	1	433	93.3724832214765
1	331	1	521	94.01279707495429
1	271	1	299	94.87577639751554
1	240	1	360	91.76432291666667
1	135	1	139	95.625
1	602	1	618	95.24700598802396
1	248	1	353	95.12768817204302
1	260	1	264	95.23601398601397
0	99999999999999999	0	99999999999999999	77.98183254344391
0	99999999999999999	0	99999999999999999	79.16027607361964
0	99999999999999999	0	99999999999999999	77.50373692077729
0	99999999999999999	1	252	86.13636363636364
1	285	1	337	87.22451790633609
1	133	1	191	92.84883720930232
1	438	1	466	94.30641821946169
1	257	1	262	94.35763888888889
1	310	1	314	95.54093567251464
1	1309	1	1313	98.79484304932735
0	99999999999999999	1	1072	98.36309523809524
0	99999999999999999	0	99999999999999999	82.1676970633694
1	406	0	99999999999999999	84.66417910447763
0	99999999999999999	0	99999999999999999	82.16882067851373
1	376	1	380	87.61600928074246
1	407	0	99999999999999999	88.68065967016493
1	394	1	408	92.22350230414746
1	210	1	351	96.58469945355192
1	305	1	309	94.23652694610779
1	195	1	199	89.78794642857142
1	278	1	293	90.27366863905324
1	240	1	788	97.60147601476014
0	99999999999999999	0	99999999999999999	71.9983552631579
0	99999999999999999	0	99999999999999999	80.05804311774462
0	99999999999999999	0	99999999999999999	75.45081967213113
0	99999999999999999	0	99999999999999999	87.22993827160494
1	343	1	347	94.1711590296496
1	240	1	244	93.68029739776951
1	226	1	239	93.77431906614785
0	99999999999999999	1	294	95.8984375
0	99999999999999999	1	124	88.08333333333333
1	201	1	215	88.940329218107
1	278	1	308	95.55722891566265
0	99999999999999999	0	99999999999999999	79.13934426229508
0	99999999999999999	0	99999999999999999	76.66666666666666
1	519	1	549	87.65243902439025
0	99999999999999999	0	99999999999999999	85.75
1	334	1	413	92.08715596330275
1	421	1	434	91.4301310043668
1	237	1	252	83.14332247557005
1	483	1	526	91.75724637681161
1	307	1	311	90.90236686390533
1	270	1	274	94.70338983050848
0	99999999999999999	1	146	90.5688622754491
0	99999999999999999	0	99999999999999999	78.81426202321724
0	99999999999999999	0	99999999999999999	86.27694859038142
0	99999999999999999	0	99999999999999999	83.50977198697069
1	666	1	679	92.3050139275766
1	461	1	584	93.61658456486043
1	278	1	300	95.078125
1	305	1	326	92.6994301994302
1	619	1	767	94.67884130982368
1	463	1	503	96.02380952380952
1	184	1	199	86.94933920704845
0	99999999999999999	1	133	88.9331210191083
0	99999999999999999	0	99999999999999999	80.98360655737706
0	99999999999999999	0	99999999999999999	84.98031496062991
1	483	1	500	87.54629629629629
1	404	0	99999999999999999	84.37958883994128
0	99999999999999999	1	373	87.7209595959596
1	312	1	335	96.28571428571428
1	317	1	348	92.61968085106383
0	99999999999999999	1	182	87.73809523809523
1	107	1	194	96.0972850678733
1	294	1	346	93.88513513513514
1	700	1	715	92.3784494086728
0	99999999999999999	0	99999999999999999	73.5569422776911
0	99999999999999999	0	99999999999999999	80.1482701812191
0	99999999999999999	0	99999999999999999	89.28288431061806
0	99999999999999999	0	99999999999999999	83.82581648522552
0	99999999999999999	1	282	92.22312703583061
1	220	1	486	96.42504930966469
0	99999999999999999	1	126	85.58333333333334
1	222	1	394	96.51785714285714
0	99999999999999999	1	309	94.19910179640719
1	303	1	345	94.8170731707317
1	227	1	231	87.05357142857143
0	99999999999999999	0	99999999999999999	78.69857594936708
0	99999999999999999	0	99999999999999999	80.74803149606298
0	99999999999999999	0	99999999999999999	84.12576687116564
1	221	0	99999999999999999	92.58474576271186
0	99999999999999999	0	99999999999999999	89.58664546899841
1	545	1	617	92.95910493827161
1	492	1	521	94.69835466179158
1	256	1	289	96.25407166123779
1	447	1	475	95.98577235772359
1	588	1	592	97.45557350565427
1	252	1	304	94.16666666666667
0	99999999999999999	0	99999999999999999	83.97435897435898
0	99999999999999999	0	99999999999999999	82.86538461538463
0	99999999999999999	1	664	82.69794721407624
1	368	1	372	90.95477386934672
1	462	1	493	84.03284671532846
1	207	1	211	93.69565217391305
1	200	1	224	93.19105691056909
1	431	1	478	98.17073170731707
1	305	1	334	93.45070422535211
0	99999999999999999	1	185	88.39285714285714
1	576	1	710	97.6158038147139
0	99999999999999999	0	99999999999999999	75.55205047318614
0	99999999999999999	0	99999999999999999	72.74494556765163
0	99999999999999999	0	99999999999999999	83.37121212121212
1	198	1	232	94.0
1	283	1	287	92.78846153846153
1	577	1	581	90.7178217821782
1	331	1	359	93.52213541666666
1	204	1	209	94.12715517241378
1	365	1	389	89.66992665036673
1	160	1	249	92.0
1	3211	1	3329	99.45943930808232
0	99999999999999999	0	99999999999999999	75.44354838709678
0	99999999999999999	0	99999999999999999	79.9641148325359
0	99999999999999999	0	99999999999999999	86.14327062228654
0	99999999999999999	0	99999999999999999	90.62499999999999
1	192	1	216	90.24896265560166
1	181	1	259	92.53533568904592
1	187	1	191	90.50925925925927
1	236	1	261	95.26315789473684
0	99999999999999999	1	220	93.21428571428571
0	99999999999999999	1	246	80.99041533546325
1	170	1	174	92.61363636363636
0	99999999999999999	0	99999999999999999	71.35157545605307
0	99999999999999999	0	99999999999999999	74.7159090909091
0	99999999999999999	0	99999999999999999	81.67166416791603
0	99999999999999999	0	99999999999999999	80.703125
1	357	1	416	87.9492600422833
1	447	1	451	93.8824152542373
1	492	1	512	88.78774422735346
1	539	1	663	92.0987215909091
0	99999999999999999	1	184	89.23444976076556
1	675	1	679	92.4831081081081
1	321	1	403	97.02941176470588
0	99999999999999999	0	99999999999999999	71.76229508196721
0	99999999999999999	0	99999999999999999	87.75917065390749
0	99999999999999999	0	99999999999999999	78.4959349593496
0	99999999999999999	1	713	88.43031123139376
1	208	1	232	93.19999999999999
0	99999999999999999	0	99999999999999999	88.74074074074073
1	215	1	305	96.13636363636364
1	390	1	446	93.30645161290323
1	130	1	134	89.38679245283019
0	99999999999999999	1	481	96.56620553359684
0	99999999999999999	1	233	93.5077519379845
0	99999999999999999	0	99999999999999999	72.69199346405227
0	99999999999999999	0	99999999999999999	83.17901234567901
0	99999999999999999	0	99999999999999999	91.16218236173393
1	471	0	99999999999999999	86.72096317280453
1	555	0	99999999999999999	91.8421052631579
0	99999999999999999	1	434	93.58695652173913
1	178	1	194	91.324200913242
1	180	1	184	92.41504854368934
1	723	1	749	95.41935483870968
1	164	1	241	95.0943396226415
0	99999999999999999	1	124	91.16666666666666
0	99999999999999999	0	99999999999999999	74.72266244057053
0	99999999999999999	0	99999999999999999	74.95961227786754
0	99999999999999999	0	99999999999999999	90.31402936378467
0	99999999999999999	0	99999999999999999	82.73809523809524
1	185	1	189	90.77102803738316
1	356	1	425	93.17928730512249
1	165	1	182	84.76394849785407
1	136	1	154	91.2087912087912
1	485	1	529	95.13134057971014
0	99999999999999999	1	124	90.16666666666666
1	789	1	847	98.19364161849711
0	99999999999999999	0	99999999999999999	81.11658456486043
1	525	0	99999999999999999	81.13173216885006
0	99999999999999999	0	99999999999999999	85.25741029641186
0	99999999999999999	0	99999999999999999	72.40712074303407
0	99999999999999999	1	260	86.97552447552448
0	99999999999999999	1	239	88.68371212121212
1	267	1	332	95.16806722689074
1	297	1	352	92.66666666666666
0	99999999999999999	1	197	94.0
1	397	1	411	96.44495412844037
1	196	1	223	91.25
0	99999999999999999	0	99999999999999999	76.11970684039089
0	99999999999999999	0	99999999999999999	78.42835130970724
0	99999999999999999	0	99999999999999999	80.66561014263075
0	99999999999999999	0	99999999999999999	85.09984639016895
1	348	1	383	89.99384236453201
1	496	1	500	93.4500959692898
0	99999999999999999	1	183	90.64009661835749
0	99999999999999999	1	124	80.4733727810651
1	275	1	333	95.35614525139665
1	240	1	382	96.15147783251231
1	259	1	327	96.21428571428572
1	173	1	186	92.55952380952381
1	239	1	252	81.56028368794327
0	99999999999999999	0	99999999999999999	77.66295707472177
1	501	0	99999999999999999	89.0387537993921
1	411	1	692	89.7955764075067
1	532	1	549	92.49131944444443
1	180	1	184	79.8170731707317
1	348	1	721	96.15255376344085
0	99999999999999999	1	338	95.40745856353591
1	157	1	194	88.87061403508773
1	250	1	254	95.69444444444444
0	99999999999999999	0	99999999999999999	79.66171617161716
0	99999999999999999	0	99999999999999999	76.61417322834647
1	316	1	332	88.40782122905028
1	399	0	99999999999999999	88.18252730109205
0	99999999999999999	1	718	92.86193029490616
1	408	1	454	94.62421711899792
1	333	1	348	95.5548128342246
0	99999999999999999	1	133	92.99363057324841
1	399	1	553	96.21539792387543
1	402	1	486	96.8565815324165
1	198	1	202	93.44713656387665
0	99999999999999999	0	99999999999999999	77.31404958677686
0	99999999999999999	0	99999999999999999	74.89903069466881
0	99999999999999999	0	99999999999999999	80.55775316455694
0	99999999999999999	0	99999999999999999	81.36645962732919
1	602	1	616	92.36778846153848
1	325	1	396	87.28070175438597
1	367	1	371	91.96428571428571
1	441	1	455	91.28151260504201
1	344	1	360	95.8118556701031
1	232	1	301	94.72477064220182
1	327	1	665	97.35507246376811
0	99999999999999999	0	99999999999999999	78.53383458646617
0	99999999999999999	0	99999999999999999	84.89345509893455
0	99999999999999999	0	99999999999999999	89.9962178517398
0	99999999999999999	0	99999999999999999	83.83757961783441
1	403	1	551	93.59809027777777
1	326	1	351	88.6760752688172
1	308	1	324	91.3433908045977
1	239	1	266	91.25874125874125
0	99999999999999999	1	150	88.92857142857142
0	99999999999999999	1	229	94.55882352941177
1	193	1	248	96.3068181818182
0	99999999999999999	0	99999999999999999	78.16000000000001
0	99999999999999999	0	99999999999999999	82.70440251572327
1	244	1	248	82.16612377850161
0	99999999999999999	1	242	87.32517482517483
1	667	1	671	78.67445054945055
1	229	1	261	92.18749999999999
1	126	1	418	97.11098398169338
1	464	1	468	94.10714285714285
1	498	1	512	95.09849906191371
1	205	1	219	90.42008196721312
1	1474	1	1478	99.18333333333332
