0	99999999999999999	0	99999999999999999	84.20943708609272
0	99999999999999999	0	99999999999999999	80.45382165605093
0	99999999999999999	1	377	90.05037783375315
1	611	1	623	89.76923076923077
1	407	1	434	88.31877729257641
0	99999999999999999	1	201	92.49999999999999
0	99999999999999999	1	223	92.92168674698794
0	99999999999999999	1	165	93.25916230366492
0	99999999999999999	1	163	91.92415730337079
1	462	1	480	98.30508474576271
1	145	1	540	99.38096658711217
0	99999999999999999	0	99999999999999999	73.57910906298002
0	99999999999999999	0	99999999999999999	81.47590361445782
0	99999999999999999	0	99999999999999999	80.35162287480681
0	99999999999999999	0	99999999999999999	84.54680534918276
0	99999999999999999	1	565	87.35093696763204
1	214	1	264	90.92465753424659
0	99999999999999999	1	353	94.14893617021276
1	182	1	186	92.4170616113744
1	308	1	350	94.19525065963063
1	847	1	885	97.82135076252725
1	957	1	961	98.00963488843813
0	99999999999999999	0	99999999999999999	69.1066066066066
0	99999999999999999	0	99999999999999999	80.39330218068537
0	99999999999999999	0	99999999999999999	72.85478547854785
0	99999999999999999	0	99999999999999999	89.16420118343196
0	99999999999999999	1	172	89.21319796954315
1	371	1	375	91.54228855721394
0	99999999999999999	1	133	72.1875
0	99999999999999999	1	133	85.88709677419355
0	99999999999999999	1	156	92.02586206896554
0	99999999999999999	1	669	98.35621387283237
1	330	1	2284	99.46335646140503
0	99999999999999999	0	99999999999999999	69.50726978998384
0	99999999999999999	0	99999999999999999	78.2824427480916
0	99999999999999999	0	99999999999999999	85.27777777777777
1	306	1	327	80.3388746803069
0	99999999999999999	0	99999999999999999	84.34268833087148
0	99999999999999999	1	464	93.58316221765915
1	207	1	211	91.24472573839664
1	371	1	375	95.46875
1	282	1	420	94.11057692307692
1	525	1	480	95.83885941644563
0	99999999999999999	1	420	99.13151364764268
0	99999999999999999	0	99999999999999999	69.25619834710743
0	99999999999999999	0	99999999999999999	80.10620915032679
1	493	1	497	83.85714285714285
0	99999999999999999	0	99999999999999999	84.59752321981424
0	99999999999999999	1	254	87.94642857142857
0	99999999999999999	1	189	93.54651162790697
1	359	1	480	90.65366972477064
1	224	1	321	94.89795918367346
1	279	1	283	89.70588235294117
1	165	1	169	80.95518867924528
1	1218	1	1222	98.50160901045855
0	99999999999999999	0	99999999999999999	67.62023217247098
0	99999999999999999	0	99999999999999999	83.37227414330218
1	189	1	193	85.75102880658436
0	99999999999999999	0	99999999999999999	84.68946540880503
1	183	1	187	80.69620253164557
0	99999999999999999	1	254	87.322695035461
0	99999999999999999	1	315	93.75
1	342	1	488	97.20330739299612
1	456	1	460	97.30083857442348
1	256	1	540	98.31989247311829
0	99999999999999999	1	420	98.99825783972126
0	99999999999999999	0	99999999999999999	76.18078175895766
0	99999999999999999	0	99999999999999999	84.5404984423676
0	99999999999999999	0	99999999999999999	81.33169934640523
0	99999999999999999	0	99999999999999999	80.0580431177446
0	99999999999999999	1	272	85.83333333333334
1	259	1	263	91.22340425531914
1	308	1	349	91.72163588390502
0	99999999999999999	1	132	89.90066225165563
1	630	1	634	94.91654021244308
1	337	1	420	90.32152230971128
0	99999999999999999	1	420	97.67293997965412
0	99999999999999999	0	99999999999999999	78.11561561561562
1	253	1	257	81.49819494584838
0	99999999999999999	0	99999999999999999	78.60649546827796
1	296	1	420	93.07103064066851
1	494	1	582	92.6117549668874
0	99999999999999999	1	143	92.08579881656806
1	248	1	275	91.10169491525423
0	99999999999999999	1	158	80.37383177570095
0	99999999999999999	1	369	96.07780612244898
0	99999999999999999	1	420	98.41846298031865
0	99999999999999999	1	420	99.25244393329501
0	99999999999999999	0	99999999999999999	71.97346600331676
0	99999999999999999	0	99999999999999999	80.7936507936508
1	481	1	498	92.48065764023211
0	99999999999999999	0	99999999999999999	86.65594855305466
0	99999999999999999	1	229	88.58267716535433
0	99999999999999999	1	191	90.42056074766356
1	256	1	265	91.46757679180888
1	292	1	296	82.48456790123458
0	99999999999999999	1	190	91.27906976744187
1	182	1	186	75.49407114624506
0	99999999999999999	1	420	99.15358194308145
0	99999999999999999	0	99999999999999999	73.54740061162079
0	99999999999999999	0	99999999999999999	72.6725521669342
0	99999999999999999	1	311	88.01928783382787
0	99999999999999999	0	99999999999999999	93.02147239263805
0	99999999999999999	1	303	89.57703927492447
1	408	1	552	89.4396551724138
1	295	1	299	89.90683229813666
0	99999999999999999	1	216	91.7016806722689
1	312	1	319	92.79850746268657
1	1039	1	420	98.28096539162112
1	175	1	179	92.6875
0	99999999999999999	0	99999999999999999	74.09983633387888
0	99999999999999999	0	99999999999999999	87.45915032679738
0	99999999999999999	0	99999999999999999	78.04414003044138
0	99999999999999999	1	305	89.46153846153847
0	99999999999999999	0	99999999999999999	87.10691823899371
1	384	1	392	94.18257756563246
0	99999999999999999	1	183	87.61904761904762
0	99999999999999999	1	428	87.24645030425964
0	99999999999999999	1	420	97.69736842105263
1	620	1	480	97.44736842105263
1	1122	1	420	97.26941747572816
0	99999999999999999	0	99999999999999999	73.30633284241532
0	99999999999999999	0	99999999999999999	83.16326530612245
1	262	1	266	84.36482084690554
1	297	1	301	85.54447852760737
0	99999999999999999	1	302	85.23706896551724
1	256	1	260	93.06537102473499
1	225	1	229	91.78149606299213
0	99999999999999999	1	124	72.2883597883598
0	99999999999999999	1	172	92.9375
0	99999999999999999	1	420	94.78326612903226
0	99999999999999999	1	237	94.47674418604652
0	99999999999999999	0	99999999999999999	86.97154471544717
0	99999999999999999	0	99999999999999999	86.46825396825398
0	99999999999999999	0	99999999999999999	84.73127035830618
0	99999999999999999	0	99999999999999999	84.66417910447761
0	99999999999999999	1	130	83.14144736842104
0	99999999999999999	0	99999999999999999	87.93650793650794
0	99999999999999999	1	480	95.13180272108843
1	313	1	317	95.61209439528024
1	1358	1	1437	98.95476353666896
1	282	1	286	95.34313725490196
0	99999999999999999	1	540	98.73231132075472
0	99999999999999999	0	99999999999999999	72.04692556634303
0	99999999999999999	0	99999999999999999	75.77881619937695
1	157	1	196	88.82978723404254
0	99999999999999999	1	280	91.48848684210526
1	212	1	216	91.39344262295083
0	99999999999999999	1	174	92.21938775510203
0	99999999999999999	1	135	72.4375
1	192	1	196	91.37168141592922
0	99999999999999999	1	480	94.71726190476191
0	99999999999999999	1	274	85.63049853372435
0	99999999999999999	1	506	96.58018867924527
0	99999999999999999	0	99999999999999999	74.46102819237147
0	99999999999999999	0	99999999999999999	73.4860883797054
0	99999999999999999	0	99999999999999999	85.56390977443608
1	403	1	442	90.23936170212767
1	368	1	372	83.16744730679157
0	99999999999999999	1	153	86.14285714285714
0	99999999999999999	1	131	90.14423076923079
0	99999999999999999	1	581	95.20970394736842
1	184	1	197	82.25490196078432
1	309	1	313	93.5483870967742
1	1531	1	420	99.08635625338387
0	99999999999999999	0	99999999999999999	71.77672955974843
0	99999999999999999	0	99999999999999999	83.95638629283489
1	281	1	309	91.0928143712575
1	310	1	314	87.13343108504398
0	99999999999999999	1	544	91.48613518197573
0	99999999999999999	1	298	94.81424148606811
1	177	1	329	95.11938202247191
0	99999999999999999	1	420	96.53508771929825
1	220	1	224	93.90243902439025
1	365	1	1005	98.85365853658537
1	1615	1	6250	99.80070153061223
0	99999999999999999	0	99999999999999999	86.01426307448494
0	99999999999999999	0	99999999999999999	78.76865671641792
0	99999999999999999	0	99999999999999999	86.64137380191694
1	618	1	622	85.56501547987615
0	99999999999999999	1	560	88.65582191780823
1	310	1	420	91.89560439560438
0	99999999999999999	1	205	92.03056768558952
1	360	1	480	95.77798861480076
0	99999999999999999	1	244	94.48818897637796
1	929	1	1252	98.92410015649453
1	435	1	439	96.61062906724511
0	99999999999999999	0	99999999999999999	80.32724505327245
0	99999999999999999	1	137	83.33333333333333
0	99999999999999999	0	99999999999999999	83.92053973013495
1	319	1	323	88.03571428571429
1	345	1	427	94.12416851441242
1	362	1	480	90.75829383886256
0	99999999999999999	1	420	95.21396396396395
0	99999999999999999	1	290	87.5
1	319	1	323	93.1980056980057
1	900	1	540	99.39744801512288
0	99999999999999999	1	1039	97.93814432989691
0	99999999999999999	0	99999999999999999	71.93053311793214
0	99999999999999999	0	99999999999999999	86.1544461778471
0	99999999999999999	0	99999999999999999	85.48123980424144
0	99999999999999999	0	99999999999999999	82.90529695024077
0	99999999999999999	1	513	91.25466417910448
1	331	1	360	86.95231958762888
1	305	1	365	93.10897435897436
1	132	1	171	93.87886597938144
0	99999999999999999	1	137	88.79573170731707
0	99999999999999999	1	507	97.99528301886792
0	99999999999999999	1	223	93.57287449392712
0	99999999999999999	0	99999999999999999	79.43615257048093
0	99999999999999999	0	99999999999999999	80.01644736842105
1	584	1	588	85.31810766721043
0	99999999999999999	0	99999999999999999	88.68951612903226
0	99999999999999999	1	127	87.41554054054053
1	386	1	390	96.14457831325302
0	99999999999999999	1	233	93.53112840466926
1	460	1	480	94.54505300353357
1	386	1	390	95.87408312958435
0	99999999999999999	1	420	98.24050086355786
0	99999999999999999	1	269	96.51060070671379
0	99999999999999999	0	99999999999999999	72.75326797385621
0	99999999999999999	1	200	85.77008928571429
0	99999999999999999	0	99999999999999999	77.57048092868989
1	613	1	622	90.34615384615385
0	99999999999999999	1	137	78.75683060109289
0	99999999999999999	1	256	82.16510903426791
1	264	1	363	89.60492227979276
1	335	1	502	97.80405405405405
0	99999999999999999	1	245	90.62500000000001
0	99999999999999999	1	469	96.3265306122449
0	99999999999999999	1	331	90.77380952380953
0	99999999999999999	0	99999999999999999	80.04493464052288
1	487	1	491	84.09533073929961
0	99999999999999999	0	99999999999999999	83.56139053254437
1	386	1	390	93.64303178484107
1	470	1	491	92.9047619047619
1	145	1	149	89.75988700564972
1	280	1	313	92.07589285714285
1	231	1	235	92.19348659003833
1	223	1	228	80.6547619047619
1	1376	1	1390	99.01943462897526
0	99999999999999999	1	301	94.05864197530863
0	99999999999999999	0	99999999999999999	82.65940902021774
0	99999999999999999	1	248	84.2948717948718
0	99999999999999999	0	99999999999999999	86.16788321167883
0	99999999999999999	1	162	90.21739130434781
1	569	1	573	89.68903436988545
0	99999999999999999	1	243	86.53136531365315
1	189	1	198	80.43269230769232
1	183	1	187	87.08726415094338
0	99999999999999999	1	420	97.86616161616162
1	495	1	504	91.386925795053
0	99999999999999999	1	457	95.54865424430642
0	99999999999999999	1	429	76.18927125506073
0	99999999999999999	0	99999999999999999	74.21487603305785
0	99999999999999999	0	99999999999999999	84.97097844112768
0	99999999999999999	1	490	88.44433399602386
0	99999999999999999	1	124	72.48677248677248
0	99999999999999999	1	133	84.57278481012659
0	99999999999999999	1	420	95.30709342560553
0	99999999999999999	1	187	88.9018691588785
1	223	1	257	93.68421052631578
1	193	1	410	95.74771689497719
1	334	1	420	95.3216374269006
0	99999999999999999	0	99999999999999999	71.88013136288997
0	99999999999999999	0	99999999999999999	80.49759229534509
0	99999999999999999	0	99999999999999999	87.5207296849088
0	99999999999999999	1	488	92.78846153846153
1	259	1	263	79.21826625386997
0	99999999999999999	1	236	92.5
1	586	1	590	93.3388157894737
1	192	1	234	81.22923588039868
1	543	1	547	93.99038461538463
1	616	1	620	97.79296875
0	99999999999999999	1	347	94.45564516129032
0	99999999999999999	0	99999999999999999	75.07429420505201
1	254	1	276	79.09292035398231
0	99999999999999999	0	99999999999999999	86.73780487804878
0	99999999999999999	0	99999999999999999	90.3605015673981
1	337	1	341	89.74935732647816
1	205	1	209	93.09210526315789
1	200	1	204	91.02422907488986
1	241	1	264	81.88073394495413
0	99999999999999999	1	420	99.06905890318212
0	99999999999999999	1	131	72.37179487179486
1	637	1	420	98.38536060279871
0	99999999999999999	0	99999999999999999	80.2854938271605
0	99999999999999999	0	99999999999999999	79.79397781299525
1	567	1	571	91.2261698440208
0	99999999999999999	1	274	77.98338368580062
1	633	1	724	89.98322147651005
0	99999999999999999	1	222	88.37090163934425
1	444	1	448	95.98599137931035
1	265	1	269	89.16938110749186
0	99999999999999999	1	420	96.62671232876713
1	907	1	420	97.37881981032668
1	209	1	420	97.25
0	99999999999999999	0	99999999999999999	71.14754098360656
0	99999999999999999	0	99999999999999999	80.10620915032679
0	99999999999999999	0	99999999999999999	86.38117283950616
1	413	1	417	82.87790697674419
0	99999999999999999	1	407	88.77906976744185
0	99999999999999999	1	568	88.61157718120805
0	99999999999999999	1	157	89.86111111111111
1	407	1	411	96.51497695852535
1	825	1	999	98.60294117647058
0	99999999999999999	1	195	94.17808219178083
0	99999999999999999	1	420	98.52941176470588
1	418	1	428	85.30163599182005
1	421	1	423	82.77439024390245
0	99999999999999999	1	125	84.25
0	99999999999999999	0	99999999999999999	84.8046875
0	99999999999999999	1	236	88.42412451361865
1	338	1	342	87.6958224543081
0	99999999999999999	1	124	87.41721854304635
1	364	1	368	93.07692307692308
0	99999999999999999	1	420	98.7012987012987
1	224	1	253	90.80508474576273
0	99999999999999999	1	420	98.22857142857143
0	99999999999999999	0	99999999999999999	83.02419354838709
0	99999999999999999	0	99999999999999999	89.18152350081037
0	99999999999999999	0	99999999999999999	85.9927652733119
0	99999999999999999	1	271	86.97916666666666
1	323	1	344	94.89247311827957
0	99999999999999999	1	253	93.18181818181819
1	250	1	326	83.88594164456235
1	277	1	299	88.29022988505747
0	99999999999999999	1	451	95.42105263157895
0	99999999999999999	1	197	89.81481481481482
1	243	1	327	94.38559322033899
0	99999999999999999	0	99999999999999999	76.68032786885246
0	99999999999999999	0	99999999999999999	75.82372322899505
1	295	1	299	88.47962382445141
1	624	1	628	93.36734693877551
1	377	1	383	87.2566909975669
1	141	1	189	84.20502092050208
0	99999999999999999	1	450	88.78947368421053
1	209	1	213	91.47489539748955
1	515	1	480	92.4609375
0	99999999999999999	1	420	95.64220183486238
1	5761	1	6660	99.71208495363445
0	99999999999999999	0	99999999999999999	78.02969502407706
0	99999999999999999	0	99999999999999999	76.9812091503268
0	99999999999999999	0	99999999999999999	82.21311475409836
0	99999999999999999	0	99999999999999999	82.54560530679935
0	99999999999999999	1	273	86.72145328719724
1	198	1	291	95.73954983922832
0	99999999999999999	1	218	93.91163793103449
1	139	1	202	93.0862831858407
0	99999999999999999	1	480	98.19373401534527
0	99999999999999999	1	615	97.2809076682316
1	470	1	508	97.56679389312977
0	99999999999999999	0	99999999999999999	85.65505804311775
0	99999999999999999	0	99999999999999999	81.44
0	99999999999999999	0	99999999999999999	77.27642276422765
1	170	1	174	91.39030612244898
1	189	1	193	90.3488372093023
0	99999999999999999	1	623	94.28129829984543
0	99999999999999999	1	480	92.92725173210162
0	99999999999999999	1	263	94.921875
1	385	1	389	97.02233250620348
0	99999999999999999	1	420	97.22003154574132
0	99999999999999999	1	141	87.42331288343559
0	99999999999999999	0	99999999999999999	66.66666666666666
0	99999999999999999	0	99999999999999999	77.41157556270097
0	99999999999999999	0	99999999999999999	86.82795698924731
1	452	1	497	82.69598470363287
0	99999999999999999	1	216	91.57949790794979
0	99999999999999999	1	294	88.9453125
1	366	1	480	97.77684563758389
1	357	1	420	93.91666666666666
0	99999999999999999	1	188	82.60416666666667
1	257	1	308	95.31722054380666
0	99999999999999999	1	392	95.00605326876513
0	99999999999999999	0	99999999999999999	69.18335901386749
0	99999999999999999	0	99999999999999999	83.99339933993397
0	99999999999999999	0	99999999999999999	80.28225806451611
1	371	1	375	86.71284634760706
1	384	1	388	85.8132530120482
1	191	1	269	92.78350515463917
0	99999999999999999	1	193	90.98837209302326
0	99999999999999999	1	292	97.51628664495112
0	99999999999999999	1	143	90.87423312883436
0	99999999999999999	1	404	96.03729603729604
0	99999999999999999	0	99999999999999999	75.5794701986755
0	99999999999999999	0	99999999999999999	70.64860426929393
1	252	1	256	82.30286738351255
0	99999999999999999	1	328	93.0515759312321
0	99999999999999999	0	99999999999999999	93.03030303030302
1	318	1	365	94.4515306122449
1	173	1	177	82.75669642857144
0	99999999999999999	1	420	93.53233830845771
1	344	1	480	94.45525291828793
0	99999999999999999	1	191	93.23394495412842
0	99999999999999999	1	420	98.05194805194806
0	99999999999999999	0	99999999999999999	68.25842696629213
1	428	1	467	83.81502890173411
0	99999999999999999	0	99999999999999999	81.3565340909091
1	605	1	609	89.92834394904459
0	99999999999999999	0	99999999999999999	88.97540983606558
0	99999999999999999	1	123	76.38121546961325
1	326	1	420	87.27390180878552
0	99999999999999999	1	212	94.46808510638299
0	99999999999999999	1	420	96.31410256410255
1	234	1	238	94.20498084291187
1	547	1	420	95.8901192504259
0	99999999999999999	0	99999999999999999	77.09984152139461
0	99999999999999999	0	99999999999999999	73.85807504078304
1	356	1	480	86.67883211678833
1	433	1	445	89.70744680851064
1	329	1	353	90.89147286821705
0	99999999999999999	1	632	86.20820668693008
1	236	1	288	88.38141025641025
1	374	1	378	93.95261845386534
0	99999999999999999	1	197	86.57786885245903
0	99999999999999999	1	390	96.25912408759123
0	99999999999999999	1	898	97.99566630552548
0	99999999999999999	0	99999999999999999	75.94884488448845
0	99999999999999999	0	99999999999999999	81.03305785123968
0	99999999999999999	0	99999999999999999	89.74887556221888
0	99999999999999999	1	364	90.31007751937985
0	99999999999999999	1	201	92.51126126126127
1	658	1	671	90.1374442793462
1	210	1	214	79.34160305343511
1	438	1	442	96.4556277056277
1	189	1	242	94.00749063670412
0	99999999999999999	1	480	97.38372093023257
0	99999999999999999	1	634	96.85128983308041
0	99999999999999999	0	99999999999999999	76.52979066022544
0	99999999999999999	0	99999999999999999	79.75409836065573
0	99999999999999999	0	99999999999999999	85.03846153846153
0	99999999999999999	1	187	92.21813725490195
1	125	1	145	76.58450704225352
0	99999999999999999	1	522	92.25319926873858
1	388	1	393	93.95933014354068
0	99999999999999999	1	420	96.4423076923077
1	366	1	370	95.02551020408164
1	356	1	360	92.95454545454545
0	99999999999999999	1	420	97.975768321513
0	99999999999999999	0	99999999999999999	66.77685950413222
0	99999999999999999	0	99999999999999999	85.25121555915722
0	99999999999999999	0	99999999999999999	86.65845648604268
0	99999999999999999	1	140	86.81818181818181
0	99999999999999999	1	487	90.88235294117648
1	440	1	454	88.35
0	99999999999999999	1	124	72.8723404255319
1	356	1	420	90.3481012658228
1	239	1	259	95.24021352313166
0	99999999999999999	1	420	98.37336244541484
1	1534	1	420	99.27240977881257
0	99999999999999999	0	99999999999999999	73.04
0	99999999999999999	0	99999999999999999	82.21749226006192
1	396	1	400	94.1627358490566
1	276	1	280	88.2711038961039
1	569	1	611	90.9249226006192
1	168	1	244	94.21296296296298
0	99999999999999999	1	137	90.74074074074073
0	99999999999999999	1	420	96.71370967741936
1	636	1	640	96.53614457831326
0	99999999999999999	1	420	98.86700236966823
0	99999999999999999	1	420	97.69536019536018
0	99999999999999999	0	99999999999999999	71.12619808306711
0	99999999999999999	1	500	82.67045454545455
0	99999999999999999	0	99999999999999999	74.4654605263158
0	99999999999999999	1	555	83.41584158415841
0	99999999999999999	1	320	90.59027777777779
1	194	1	217	87.13991769547324
1	389	1	480	93.32946635730859
0	99999999999999999	1	130	91.25
0	99999999999999999	1	202	93.89013452914797
0	99999999999999999	1	420	94.69765342960288
0	99999999999999999	1	420	98.89684813753583
0	99999999999999999	0	99999999999999999	77.17054263565892
0	99999999999999999	0	99999999999999999	79.13934426229508
0	99999999999999999	1	455	89.65696465696466
1	202	1	221	89.50980392156862
0	99999999999999999	1	133	73.5135135135135
0	99999999999999999	1	533	90.59694793536805
1	204	1	208	88.0901287553648
1	148	1	152	81.03015075376884
0	99999999999999999	1	244	95.0657894736842
0	99999999999999999	1	420	98.85138967668746
0	99999999999999999	1	194	88.99769585253458
0	99999999999999999	0	99999999999999999	67.39754098360655
0	99999999999999999	0	99999999999999999	82.0967741935484
0	99999999999999999	1	551	94.23076923076924
1	695	1	804	94.80048367593713
1	344	1	348	95.34574468085107
1	330	1	420	96.88953488372093
1	138	1	142	78.07591623036649
1	202	1	223	95.24999999999999
0	99999999999999999	1	183	92.3780487804878
0	99999999999999999	1	420	96.63636363636364
0	99999999999999999	1	480	98.89018691588785
0	99999999999999999	0	99999999999999999	74.58813838550246
0	99999999999999999	0	99999999999999999	78.81832797427653
0	99999999999999999	0	99999999999999999	88.89337641357028
1	306	1	310	91.4179104477612
1	438	1	443	87.55364806866952
0	99999999999999999	1	223	80.75601374570446
0	99999999999999999	0	99999999999999999	87.51885369532428
0	99999999999999999	1	137	86.55660377358491
1	185	1	202	92.60869565217392
0	99999999999999999	1	420	97.63104838709678
1	648	1	540	99.1575400168492
0	99999999999999999	0	99999999999999999	78.55371900826447
0	99999999999999999	0	99999999999999999	80.2995391705069
0	99999999999999999	0	99999999999999999	82.78816199376948
0	99999999999999999	0	99999999999999999	81.49193548387098
0	99999999999999999	1	440	86.61616161616162
0	99999999999999999	1	322	91.53571428571428
1	282	1	311	91.9378698224852
0	99999999999999999	1	255	94.01978417266187
1	244	1	248	95.31853281853282
1	623	1	627	96.58742331288344
1	999	1	420	98.03675856307434
0	99999999999999999	0	99999999999999999	76.07438016528927
0	99999999999999999	0	99999999999999999	88.98573692551504
1	408	0	99999999999999999	82.7724358974359
1	154	1	158	90.50802139037432
0	99999999999999999	1	725	93.91666666666666
1	194	1	217	88.97637795275591
1	412	1	420	91.76762114537446
0	99999999999999999	1	319	94.24198250728864
1	474	1	420	96.27151051625238
1	324	1	333	93.64525139664804
1	467	1	471	95.36290322580646
0	99999999999999999	0	99999999999999999	90.07234726688102
0	99999999999999999	0	99999999999999999	85.69157392686806
0	99999999999999999	0	99999999999999999	90.81967213114753
0	99999999999999999	0	99999999999999999	88.97710487444608
1	379	1	426	89.90384615384615
1	412	1	416	90.48423423423424
1	438	1	420	96.66970802919708
0	99999999999999999	1	420	91.35765550239233
0	99999999999999999	1	420	98.78706199460916
1	322	1	397	96.33928571428572
0	99999999999999999	1	420	97.10553278688525
0	99999999999999999	0	99999999999999999	80.21864686468646
0	99999999999999999	0	99999999999999999	71.35157545605306
0	99999999999999999	1	272	83.64093959731542
0	99999999999999999	1	266	87.9757785467128
1	390	1	394	92.4702380952381
0	99999999999999999	1	206	93.44713656387665
1	611	1	615	96.34433962264153
1	179	1	218	91.07142857142857
1	334	1	420	93.44827586206897
1	730	1	1178	98.52452202826267
0	99999999999999999	1	251	89.47132616487454
1	262	1	266	89.5618556701031
0	99999999999999999	0	99999999999999999	80.07874015748031
0	99999999999999999	0	99999999999999999	81.92913385826772
0	99999999999999999	1	142	89.00602409638556
0	99999999999999999	1	407	94.54022988505747
1	434	1	438	95.56277056277058
1	338	1	420	96.38157894736841
1	409	1	480	92.37679671457906
1	209	1	496	96.72447013487476
0	99999999999999999	1	420	99.50419527078567
0	99999999999999999	0	99999999999999999	74.83739837398375
0	99999999999999999	1	158	88.16489361702128
1	560	1	564	88.71900826446281
0	99999999999999999	0	99999999999999999	86.09050445103857
1	431	1	437	85.1593625498008
0	99999999999999999	1	304	91.86930091185411
0	99999999999999999	1	420	94.81414868105516
1	244	1	412	96.22093023255815
1	305	1	309	85.54376657824933
1	395	1	424	96.75615212527964
0	99999999999999999	1	420	97.38493723849373
0	99999999999999999	0	99999999999999999	83.37458745874588
0	99999999999999999	0	99999999999999999	81.64808917197453
0	99999999999999999	0	99999999999999999	83.96524486571882
0	99999999999999999	1	187	89.65116279069767
0	99999999999999999	1	271	94.48653198653199
1	453	1	660	92.60853293413173
0	99999999999999999	1	249	80.77830188679246
0	99999999999999999	1	420	97.0505617977528
1	586	1	540	96.6965471447543
1	490	1	420	98.21654040404042
0	99999999999999999	1	420	98.51361031518626
0	99999999999999999	0	99999999999999999	81.05500821018062
0	99999999999999999	0	99999999999999999	81.14886731391584
0	99999999999999999	1	371	92.80690537084398
0	99999999999999999	1	245	83.16605839416057
1	440	1	444	95.27243589743588
0	99999999999999999	1	177	89.9621212121212
1	297	1	420	92.75147928994083
1	354	1	358	93.65284974093265
1	276	1	286	93.58974358974359
1	246	1	250	92.7007299270073
1	1005	1	420	98.21689831748353
0	99999999999999999	0	99999999999999999	73.00813008130082
0	99999999999999999	0	99999999999999999	80.03144654088051
0	99999999999999999	1	258	90.69055944055944
1	428	1	540	93.02147239263803
1	415	1	480	90.86734693877551
1	215	1	219	89.43089430894308
1	177	1	181	88.99521531100478
1	276	1	420	94.93150684931507
1	246	1	250	91.86151079136691
1	1297	1	1301	98.75377643504532
1	238	1	242	81.59385113268607
0	99999999999999999	0	99999999999999999	75.08291873963516
0	99999999999999999	0	99999999999999999	79.53047775947283
0	99999999999999999	0	99999999999999999	79.48042168674698
1	636	1	640	90.417921686747
0	99999999999999999	1	428	95.5518018018018
0	99999999999999999	1	126	77.6685393258427
1	283	1	343	93.54619565217392
1	210	1	297	96.69811320754718
0	99999999999999999	1	420	97.82303370786518
1	727	1	660	98.04852320675107
0	99999999999999999	1	231	92.1259842519685
0	99999999999999999	0	99999999999999999	88.04517133956388
0	99999999999999999	0	99999999999999999	76.20033112582782
0	99999999999999999	0	99999999999999999	79.66171617161716
0	99999999999999999	0	99999999999999999	85.48507462686567
1	333	0	99999999999999999	86.21842496285291
1	478	1	420	96.29373848987109
0	99999999999999999	1	143	85.87278106508874
0	99999999999999999	1	298	90.8203125
1	563	1	420	95.41090629800307
1	1162	1	1166	98.79100084104289
0	99999999999999999	1	191	92.58177570093459
0	99999999999999999	0	99999999999999999	75.77881619937693
0	99999999999999999	0	99999999999999999	91.74347158218126
0	99999999999999999	0	99999999999999999	80.84319526627218
1	454	1	491	86.50756143667296
0	99999999999999999	1	179	93.53015075376884
1	374	1	480	95.11904761904762
1	288	1	322	95.21739130434783
1	284	1	559	97.09401709401709
0	99999999999999999	1	198	92.80133928571429
0	99999999999999999	1	384	96.21951219512195
0	99999999999999999	1	420	99.09244011976048
1	619	1	623	82.07109737248841
0	99999999999999999	1	554	84.80603448275862
0	99999999999999999	0	99999999999999999	78.45496894409939
0	99999999999999999	1	391	89.74282296650716
0	99999999999999999	1	277	94.2208904109589
0	99999999999999999	1	220	90.18595041322315
0	99999999999999999	1	314	91.41304347826087
0	99999999999999999	1	420	96.97847682119206
0	99999999999999999	1	142	85.23391812865496
0	99999999999999999	1	345	85.13922518159808
0	99999999999999999	1	184	91.72619047619048
0	99999999999999999	0	99999999999999999	85.17628205128206
0	99999999999999999	1	609	73.07121661721068
0	99999999999999999	1	262	88.30071174377224
1	610	1	623	86.79906542056074
1	392	1	480	91.4460285132383
0	99999999999999999	1	158	90.55397727272727
0	99999999999999999	1	188	82.44680851063829
1	423	1	427	95.85227272727273
0	99999999999999999	1	239	91.19318181818181
1	540	1	480	97.96320630749015
1	947	1	951	97.96986721144025
0	99999999999999999	0	99999999999999999	74.83471074380165
0	99999999999999999	0	99999999999999999	80.05191693290735
0	99999999999999999	0	99999999999999999	90.65769805680118
1	273	1	277	80.09868421052633
1	467	1	485	93.34479371316306
0	99999999999999999	1	600	93.42923794712287
1	173	1	177	91.5
0	99999999999999999	1	186	90.72769953051642
1	482	1	540	98.14102564102564
1	330	1	334	95.7638888888889
1	3217	1	420	99.42083461184413
0	99999999999999999	0	99999999999999999	81.51815181518151
0	99999999999999999	0	99999999999999999	85.45801526717557
0	99999999999999999	1	267	91.53780068728521
0	99999999999999999	0	99999999999999999	81.92913385826772
1	354	1	372	94.36090225563909
1	200	1	276	93.60465116279069
0	99999999999999999	1	164	91.88829787234043
0	99999999999999999	1	203	91.60958904109589
1	536	1	420	96.5928093645485
1	165	1	169	86.67929292929293
0	99999999999999999	1	334	94.92957746478874
0	99999999999999999	0	99999999999999999	77.31404958677687
1	496	1	500	87.38295880149813
0	99999999999999999	0	99999999999999999	74.57692307692308
1	490	1	511	85.73420074349443
0	99999999999999999	1	531	90.1173285198556
0	99999999999999999	1	208	90.57112068965519
1	203	1	207	88.36382113821138
1	221	1	225	96.00840336134453
1	391	1	726	97.57362784471218
1	250	1	254	95.36363636363636
0	99999999999999999	1	148	88.09171597633136
0	99999999999999999	0	99999999999999999	80.4095826893354
0	99999999999999999	0	99999999999999999	76.2003311258278
0	99999999999999999	0	99999999999999999	77.98869143780291
1	189	1	204	86.6769547325103
1	618	1	622	92.79661016949152
1	227	1	231	91.82879377431907
1	159	1	167	77.06521739130434
1	617	1	621	97.30620155038758
0	99999999999999999	1	129	89.11290322580645
0	99999999999999999	1	420	96.91704035874442
1	1385	1	420	98.87904066736183
0	99999999999999999	0	99999999999999999	75.57003257328991
0	99999999999999999	0	99999999999999999	84.8256735340729
1	604	1	608	88.76221498371336
1	300	1	304	94.61596385542168
1	193	1	229	92.87109375
0	99999999999999999	1	202	90.96916299559471
1	192	1	318	93.87755102040816
1	232	1	252	93.92857142857142
1	856	1	860	97.83898305084746
1	283	1	701	97.57231404958678
0	99999999999999999	1	420	99.63475923328657
0	99999999999999999	0	99999999999999999	78.44000000000001
0	99999999999999999	0	99999999999999999	89.99590834697219
0	99999999999999999	0	99999999999999999	80.99124203821655
1	172	1	190	91.62790697674419
1	347	1	422	91.94444444444444
1	466	1	473	93.88777555110221
1	220	1	224	93.9
0	99999999999999999	1	135	93.75
1	1113	1	1675	99.05091230135375
0	99999999999999999	1	420	95.52139037433156
1	2479	1	480	99.2652671755725
0	99999999999999999	0	99999999999999999	71.35157545605307
0	99999999999999999	1	256	84.71189591078067
1	501	1	521	88.64678899082568
1	394	1	480	92.58333333333334
1	269	1	273	94.29166666666666
1	482	1	486	89.27165354330708
0	99999999999999999	1	187	93.50490196078432
0	99999999999999999	1	365	84.57379134860051
0	99999999999999999	1	214	93.56540084388186
1	240	1	341	96.0180055401662
1	971	1	420	97.35392720306513
0	99999999999999999	0	99999999999999999	83.72140522875816
0	99999999999999999	0	99999999999999999	82.78041074249604
0	99999999999999999	0	99999999999999999	76.64
1	253	1	257	87.9416961130742
0	99999999999999999	1	545	91.43356643356643
1	276	1	280	94.34818481848185
1	327	1	331	93.07103064066851
1	174	1	197	94.82954545454545
1	396	1	400	91.21779859484778
1	433	1	420	95.02604166666666
1	258	1	420	97.86057692307692
0	99999999999999999	0	99999999999999999	75.70480928689884
1	567	1	571	85.39348171701113
0	99999999999999999	1	447	86.35902636916835
0	99999999999999999	0	99999999999999999	79.55882352941177
1	385	1	389	87.04819277108435
0	99999999999999999	1	351	88.53887399463807
1	149	1	154	92.58474576271188
1	502	1	506	96.07612781954887
1	188	1	192	82.4688796680498
0	99999999999999999	1	420	97.79884318766067
1	596	1	420	97.47670807453417
0	99999999999999999	0	99999999999999999	74.21487603305786
0	99999999999999999	0	99999999999999999	82.05705705705705
1	570	1	574	88.64991482112437
1	212	1	297	92.43827160493827
1	264	1	307	95.02314814814814
1	468	1	472	92.50503018108651
1	177	1	181	88.74434389140272
0	99999999999999999	1	157	87.50000000000001
0	99999999999999999	1	167	89.30412371134021
0	99999999999999999	1	420	98.12558575445172
1	1336	1	1340	98.46378931967813
0	99999999999999999	0	99999999999999999	76.07566765578636
0	99999999999999999	0	99999999999999999	76.88640132669983
1	441	1	445	86.16910229645094
1	460	1	517	86.25643224699829
1	425	1	540	90.82980972515857
0	99999999999999999	1	309	91.02272727272728
0	99999999999999999	1	208	90.9188034188034
1	195	1	199	82.51008064516128
1	639	1	660	98.814078041316
0	99999999999999999	1	420	98.77431118314425
1	356	1	553	98.1798245614035
0	99999999999999999	0	99999999999999999	69.64579901153212
1	511	1	515	89.22651933701657
0	99999999999999999	0	99999999999999999	78.51941747572815
1	614	1	618	89.39922480620154
0	99999999999999999	1	392	93.9939024390244
0	99999999999999999	0	99999999999999999	87.71384136858477
1	242	1	292	92.96383647798743
0	99999999999999999	1	203	88.45291479820627
1	386	1	390	95.95410628019324
0	99999999999999999	1	201	90.76086956521738
0	99999999999999999	1	420	99.59655908242198
0	99999999999999999	0	99999999999999999	75.6767515923567
1	426	1	540	84.8568281938326
0	99999999999999999	0	99999999999999999	81.05095541401275
0	99999999999999999	1	306	85.68731117824773
0	99999999999999999	1	420	94.62589073634203
1	741	1	745	95.32467532467533
0	99999999999999999	1	213	85.58091286307054
0	99999999999999999	1	251	92.34601449275362
0	99999999999999999	1	375	87.81017369727047
0	99999999999999999	1	152	89.73463687150837
1	506	1	480	98.20520965692504
0	99999999999999999	0	99999999999999999	68.93700787401575
0	99999999999999999	1	593	85.1008064516129
1	431	1	435	77.89818548387096
0	99999999999999999	0	99999999999999999	77.24000000000001
1	259	1	263	85.24525316455697
1	373	1	402	90.73426573426573
0	99999999999999999	1	293	92.1875
0	99999999999999999	1	540	95.90163934426229
1	223	1	300	94.93140243902438
1	719	1	723	96.9873501997337
0	99999999999999999	1	420	98.72293640054127
0	99999999999999999	0	99999999999999999	76.0483870967742
0	99999999999999999	0	99999999999999999	80.32520325203252
0	99999999999999999	0	99999999999999999	85.90163934426229
0	99999999999999999	1	422	88.5632183908046
1	518	1	522	83.09199318568994
0	99999999999999999	1	212	95.0
0	99999999999999999	1	315	90.72700296735907
1	294	1	326	92.62005649717514
1	216	1	255	91.37630662020906
0	99999999999999999	1	420	98.21792260692466
1	179	1	404	97.42388758782201
0	99999999999999999	0	99999999999999999	78.19237147595356
0	99999999999999999	0	99999999999999999	81.98
1	414	1	540	92.13627049180327
0	99999999999999999	0	99999999999999999	85.38431677018633
1	575	1	660	94.52881619937696
1	628	1	633	94.33890577507599
1	255	1	366	96.85897435897435
0	99999999999999999	1	437	96.1225596529284
1	158	1	164	75.43668122270742
1	781	1	480	97.83333333333334
1	2366	1	420	99.48060941828257
0	99999999999999999	0	99999999999999999	66.12403100775194
0	99999999999999999	0	99999999999999999	76.39553429027113
0	99999999999999999	0	99999999999999999	84.03662420382166
1	304	1	421	93.18181818181819
1	392	1	459	90.67047817047816
0	99999999999999999	1	184	84.6590909090909
0	99999999999999999	1	488	91.69884169884169
1	268	1	272	93.13725490196079
0	99999999999999999	1	178	88.42821782178217
1	455	1	420	97.93360433604337
1	395	1	895	98.39673913043478
0	99999999999999999	0	99999999999999999	78.13438438438438
0	99999999999999999	0	99999999999999999	86.80448222565687
0	99999999999999999	0	99999999999999999	84.67213114754097
0	99999999999999999	0	99999999999999999	86.42966360856269
1	249	1	253	95.97222222222223
1	278	1	293	86.7836676217765
0	99999999999999999	1	446	93.42379958246347
0	99999999999999999	1	128	85.45751633986929
0	99999999999999999	1	187	80.33596837944663
1	258	1	310	94.51951951951952
1	1565	1	660	99.03403275332651
0	99999999999999999	1	484	76.45750988142292
0	99999999999999999	0	99999999999999999	79.16018662519441
0	99999999999999999	1	400	88.90845070422534
1	539	1	544	85.06147540983608
0	99999999999999999	1	369	84.88717339667458
1	424	1	428	96.42070484581497
0	99999999999999999	1	269	87.5
1	185	1	201	87.39626556016597
1	207	1	211	94.58154506437768
0	99999999999999999	1	140	91.27358490566039
1	424	1	428	96.70758928571429
0	99999999999999999	0	99999999999999999	79.92549668874172
0	99999999999999999	0	99999999999999999	77.68939393939394
0	99999999999999999	0	99999999999999999	81.25
1	301	1	305	88.27903682719548
1	188	1	203	88.87665198237887
0	99999999999999999	1	243	89.41231343283583
1	301	1	420	93.51311953352769
0	99999999999999999	1	420	95.06929637526653
1	427	1	420	97.97339108910892
1	159	1	207	92.47835497835497
0	99999999999999999	1	480	99.21839601268691
1	541	1	548	75.08169934640523
0	99999999999999999	0	99999999999999999	73.21724709784412
0	99999999999999999	0	99999999999999999	86.14649681528661
0	99999999999999999	1	602	92.64823717948718
0	99999999999999999	1	162	88.42105263157895
1	317	1	321	94.22238372093024
0	99999999999999999	1	162	80.68720379146919
0	99999999999999999	1	327	90.94202898550724
1	325	1	420	96.42558528428093
1	309	1	313	91.07669616519173
1	246	1	660	98.58198284080076
0	99999999999999999	0	99999999999999999	75.82372322899505
0	99999999999999999	0	99999999999999999	80.64387917329094
0	99999999999999999	0	99999999999999999	82.36245954692556
0	99999999999999999	0	99999999999999999	92.77286135693215
1	446	1	455	83.58317214700195
0	99999999999999999	1	166	92.26190476190476
0	99999999999999999	1	184	92.18009478672985
1	257	1	261	83.54863221884497
0	99999999999999999	1	420	98.55457909343201
0	99999999999999999	1	420	97.93261868300154
1	225	1	229	88.33992094861661
0	99999999999999999	0	99999999999999999	80.5008210180624
0	99999999999999999	0	99999999999999999	79.97032640949554
1	368	1	381	88.8471177944862
0	99999999999999999	0	99999999999999999	80.32520325203251
1	272	1	276	88.0841121495327
1	133	1	138	90.4367469879518
1	339	1	424	90.3138528138528
1	393	1	480	91.43318965517243
1	158	1	226	91.8545081967213
1	1355	1	480	98.7992398064962
1	262	1	320	96.03746397694525
0	99999999999999999	0	99999999999999999	80.67993366500829
0	99999999999999999	0	99999999999999999	79.42122186495178
0	99999999999999999	1	562	89.49399656946827
1	359	1	363	93.45703125000001
1	194	1	198	90.10180995475113
1	311	1	420	94.81012658227847
0	99999999999999999	1	285	91.16935483870967
1	575	1	579	97.11221122112211
0	99999999999999999	1	279	88.36920529801324
0	99999999999999999	1	420	95.02499999999999
0	99999999999999999	1	420	95.58447098976109
1	510	1	534	88.03571428571429
0	99999999999999999	0	99999999999999999	80.01644736842105
0	99999999999999999	0	99999999999999999	82.91139240506328
1	324	1	369	88.62137203166226
0	99999999999999999	1	531	93.33482944344705
0	99999999999999999	1	363	91.33116883116882
0	99999999999999999	1	420	93.50917431192661
0	99999999999999999	1	221	91.48185483870968
0	99999999999999999	1	420	96.148393194707
1	588	1	592	98.02845528455283
0	99999999999999999	1	420	97.34375
0	99999999999999999	0	99999999999999999	75.68770226537217
0	99999999999999999	1	424	78.125
0	99999999999999999	0	99999999999999999	78.15514469453376
0	99999999999999999	1	402	90.21612149532712
0	99999999999999999	1	253	79.05629139072849
0	99999999999999999	1	257	84.01702786377709
0	99999999999999999	1	214	80.46594982078852
0	99999999999999999	1	124	89.68120805369128
1	195	1	199	90.95022624434391
0	99999999999999999	1	260	94.34210526315789
0	99999999999999999	1	2974	99.32544970019987
0	99999999999999999	0	99999999999999999	79.80613893376415
0	99999999999999999	0	99999999999999999	83.50977198697069
0	99999999999999999	0	99999999999999999	80.75684380032206
0	99999999999999999	1	483	91.34615384615384
0	99999999999999999	1	185	93.24644549763033
0	99999999999999999	1	205	91.55844155844156
0	99999999999999999	1	268	87.89432176656152
0	99999999999999999	1	192	90.52511415525115
0	99999999999999999	1	420	98.33959899749372
0	99999999999999999	1	539	97.23451327433628
1	497	1	536	97.15909090909089
0	99999999999999999	0	99999999999999999	78.33469721767594
0	99999999999999999	0	99999999999999999	77.90983606557376
0	99999999999999999	0	99999999999999999	86.50390625
1	405	1	462	90.6443298969072
1	209	1	213	91.0480349344978
1	215	1	219	89.53124999999999
1	288	1	310	93.91691394658754
1	197	1	276	95.2341137123746
1	249	1	289	93.90822784810126
1	204	1	956	98.32566462167688
1	589	1	1235	98.75296912114015
0	99999999999999999	0	99999999999999999	73.79421221864952
0	99999999999999999	0	99999999999999999	83.57605177993527
0	99999999999999999	1	369	86.67929292929293
0	99999999999999999	0	99999999999999999	76.1085626911315
0	99999999999999999	1	249	76.00806451612904
1	324	1	328	86.16883116883116
0	99999999999999999	1	251	90.94982078853047
1	246	1	251	81.6640378548896
1	244	1	248	89.92673992673993
1	218	1	222	89.4
0	99999999999999999	1	420	97.6634683724236
0	99999999999999999	0	99999999999999999	72.74167987321711
0	99999999999999999	0	99999999999999999	71.81451612903226
0	99999999999999999	0	99999999999999999	79.88505747126436
0	99999999999999999	0	99999999999999999	82.76422764227644
0	99999999999999999	1	340	95.77562326869807
1	238	1	401	89.5
0	99999999999999999	1	249	93.49442379182157
0	99999999999999999	1	420	97.61976047904191
1	790	1	1002	98.46789883268482
0	99999999999999999	1	420	96.74959871589087
0	99999999999999999	1	420	98.02547770700637
0	99999999999999999	0	99999999999999999	71.4401294498382
1	599	1	612	82.19814241486068
1	448	1	452	90.02057613168725
1	302	1	306	90.10714285714286
1	388	1	400	92.99645390070924
0	99999999999999999	1	191	87.27168949771689
0	99999999999999999	1	183	90.96889952153111
1	191	1	196	93.02455357142856
1	432	1	480	96.75438596491229
1	589	1	593	96.85470779220778
1	1276	1	1280	98.70689655172414
0	99999999999999999	0	99999999999999999	80.9220985691574
1	419	0	99999999999999999	90.64465408805032
0	99999999999999999	0	99999999999999999	76.32669983416251
1	479	1	483	84.89685658153243
1	335	1	339	85.92436974789916
1	191	1	261	92.10526315789474
1	341	1	420	94.45031712473573
0	99999999999999999	1	353	91.45611702127658
0	99999999999999999	1	134	74.75
1	698	1	702	98.22670375521558
1	3605	1	4617	99.66361679224973
0	99999999999999999	0	99999999999999999	75.93344155844157
0	99999999999999999	0	99999999999999999	81.34498480243161
0	99999999999999999	0	99999999999999999	82.89256198347108
1	384	1	388	92.94403892944038
1	574	1	598	92.01277955271567
0	99999999999999999	1	532	93.5592459605027
0	99999999999999999	1	420	95.67307692307692
0	99999999999999999	1	154	85.25641025641026
1	220	1	360	95.3125
1	323	1	327	95.24999999999999
0	99999999999999999	1	2188	99.26970108695653
0	99999999999999999	0	99999999999999999	86.05305466237942
0	99999999999999999	0	99999999999999999	80.28225806451613
0	99999999999999999	1	269	85.51936619718307
0	99999999999999999	0	99999999999999999	89.63223787167449
0	99999999999999999	1	455	89.83887733887732
1	663	1	660	94.53561452513968
1	419	1	432	93.01630434782608
1	182	1	189	77.56916996047431
1	191	1	195	92.92986425339367
1	485	1	480	98.2976653696498
1	1072	1	1351	99.26900584795321
0	99999999999999999	0	99999999999999999	71.76229508196721
1	431	1	449	86.5566037735849
0	99999999999999999	0	99999999999999999	82.73628048780488
1	429	1	452	94.28721174004193
0	99999999999999999	1	379	89.8809523809524
1	310	1	314	86.28676470588235
1	351	1	420	95.37139689578714
0	99999999999999999	1	126	90.0
0	99999999999999999	1	420	98.15594059405939
0	99999999999999999	1	420	98.61231569817866
0	99999999999999999	1	420	99.04346694429984
0	99999999999999999	0	99999999999999999	69.12479740680715
0	99999999999999999	0	99999999999999999	75.70480928689884
0	99999999999999999	0	99999999999999999	80.45602605863192
1	546	1	550	93.35106382978722
0	99999999999999999	1	315	84.07534246575344
0	99999999999999999	1	261	90.88541666666667
0	99999999999999999	1	287	96.609477124183
0	99999999999999999	1	137	75.12437810945273
1	351	1	355	94.52099737532807
1	508	1	420	97.40891959798995
0	99999999999999999	1	420	98.91265276779296
0	99999999999999999	0	99999999999999999	71.11570247933884
0	99999999999999999	0	99999999999999999	81.03305785123968
0	99999999999999999	0	99999999999999999	87.52072968490879
0	99999999999999999	0	99999999999999999	87.09677419354837
0	99999999999999999	1	199	79.3850806451613
1	317	1	321	88.10646900269542
1	319	1	326	83.07692307692307
1	319	1	420	95.91784989858013
0	99999999999999999	1	480	97.62216404886561
1	364	1	420	95.43539325842697
1	590	1	594	96.9457928802589
0	99999999999999999	0	99999999999999999	73.21724709784411
0	99999999999999999	0	99999999999999999	82.78041074249603
0	99999999999999999	1	544	91.1596119929453
0	99999999999999999	1	427	86.74004192872117
1	599	1	603	84.71780604133545
1	539	1	543	92.7619893428064
1	174	1	178	85.76233183856502
1	288	1	298	93.45975232198141
1	189	1	193	92.26744186046513
1	698	1	420	97.66581632653062
1	263	1	269	84.69311377245509
0	99999999999999999	0	99999999999999999	77.06708268330733
0	99999999999999999	0	99999999999999999	78.3076923076923
0	99999999999999999	0	99999999999999999	85.83467094703049
1	604	1	608	89.69541139240506
0	99999999999999999	1	246	90.97222222222221
1	396	1	480	94.50800915331808
1	318	1	327	95.73782234957021
1	617	1	420	97.54124365482232
0	99999999999999999	1	248	93.40909090909092
1	362	1	420	93.86550308008214
0	99999999999999999	1	420	98.14762443438914
0	99999999999999999	0	99999999999999999	72.79290429042905
1	250	1	254	83.43862815884478
0	99999999999999999	0	99999999999999999	76.42973856209152
1	589	0	99999999999999999	87.31778425655978
0	99999999999999999	0	99999999999999999	82.55287009063446
0	99999999999999999	1	420	93.35585585585585
0	99999999999999999	1	316	92.21491228070175
1	293	1	512	93.2943925233645
1	225	1	229	92.51968503937007
1	330	1	1079	98.70454545454547
0	99999999999999999	1	420	98.72409823484267
