0	99999999999999999	0	99999999999999999	64.51077943615257
0	99999999999999999	0	99999999999999999	83.29346092503987
0	99999999999999999	0	99999999999999999	84.25774877650898
1	473	1	526	81.02716468590832
1	151	1	155	85.479797979798
1	639	1	643	92.96171171171171
0	99999999999999999	1	420	95.79983922829581
1	359	1	363	95.40488431876605
1	282	1	286	91.73322683706071
0	99999999999999999	1	420	98.3125
1	338	1	342	89.0
0	99999999999999999	0	99999999999999999	70.41213063763607
0	99999999999999999	0	99999999999999999	83.70607028753994
0	99999999999999999	0	99999999999999999	77.51968503937007
0	99999999999999999	1	362	90.52267002518892
1	218	1	222	92.3780487804878
1	328	1	420	94.53124999999999
1	470	1	474	90.76190476190476
1	348	1	352	90.68364611260054
1	157	1	267	93.55670103092784
1	233	1	292	96.3474025974026
1	531	1	420	96.60773026315789
0	99999999999999999	1	457	83.40292275574113
0	99999999999999999	0	99999999999999999	76.1001517450683
0	99999999999999999	0	99999999999999999	85.6832543443918
0	99999999999999999	0	99999999999999999	87.5188536953243
1	221	1	225	91.55138339920948
1	335	1	359	90.98307291666666
1	223	1	227	90.97782258064517
0	99999999999999999	1	229	89.52569169960474
1	396	1	408	88.10483870967742
0	99999999999999999	1	378	93.0239898989899
1	245	1	256	94.6554770318021
0	99999999999999999	1	545	82.50000000000001
0	99999999999999999	0	99999999999999999	84.37969924812029
0	99999999999999999	1	518	83.65561694290976
0	99999999999999999	0	99999999999999999	83.43949044585987
1	331	1	335	80.32178217821783
0	99999999999999999	1	254	89.78494623655914
1	195	1	328	94.25000000000001
1	197	1	201	80.23148148148148
1	341	1	349	95.84441489361703
1	522	1	526	97.27767695099818
1	3505	1	3525	99.01775727069352
0	99999999999999999	0	99999999999999999	87.32227488151658
0	99999999999999999	0	99999999999999999	84.79880774962741
0	99999999999999999	0	99999999999999999	75.43650793650794
1	601	1	628	89.24506828528072
0	99999999999999999	0	99999999999999999	85.90982286634461
0	99999999999999999	1	325	90.75
0	99999999999999999	1	182	79.61822660098524
1	520	1	420	96.88524590163935
1	507	1	511	97.67225325884543
1	247	1	310	95.62125748502994
1	221	1	323	96.01293103448276
0	99999999999999999	0	99999999999999999	79.17355371900825
0	99999999999999999	0	99999999999999999	80.15748031496064
0	99999999999999999	0	99999999999999999	88.79844961240309
0	99999999999999999	1	183	81.25
1	371	1	480	95.19617706237423
1	270	1	274	84.16666666666667
1	285	1	289	94.34335443037973
0	99999999999999999	1	289	93.59076433121021
1	260	1	264	92.76541095890411
0	99999999999999999	1	480	98.52880658436214
0	99999999999999999	1	420	96.0006082725061
0	99999999999999999	0	99999999999999999	80.41074249605055
0	99999999999999999	0	99999999999999999	87.39787581699346
0	99999999999999999	0	99999999999999999	88.12410841654778
0	99999999999999999	1	280	90.98837209302324
1	596	1	636	90.54744525547446
0	99999999999999999	1	193	92.20930232558139
1	450	1	454	95.95435684647303
1	354	1	420	95.0
0	99999999999999999	1	278	93.2046979865772
1	700	1	712	98.03523035230353
1	2120	1	2124	98.9704513727315
0	99999999999999999	0	99999999999999999	77.90983606557377
1	381	1	385	79.72154963680389
0	99999999999999999	1	450	84.10064239828695
0	99999999999999999	0	99999999999999999	86.06299212598424
0	99999999999999999	1	467	85.04056795131847
0	99999999999999999	1	511	86.74176776429809
1	274	1	284	83.11594202898551
1	243	1	264	93.40753424657535
0	99999999999999999	1	129	80.9322033898305
0	99999999999999999	1	208	79.59558823529412
1	3156	1	3650	99.55089820359282
0	99999999999999999	0	99999999999999999	82.42251223491029
0	99999999999999999	0	99999999999999999	63.888888888888886
0	99999999999999999	1	324	83.23943661971832
0	99999999999999999	1	315	87.77932960893854
1	326	1	420	93.1
1	323	1	327	88.81195335276968
1	208	1	256	91.39784946236558
0	99999999999999999	1	420	96.10091743119267
0	99999999999999999	1	124	75.0
0	99999999999999999	1	420	97.30992268041237
0	99999999999999999	1	143	92.62048192771084
0	99999999999999999	0	99999999999999999	73.52484472049689
0	99999999999999999	0	99999999999999999	74.47833065810593
0	99999999999999999	1	242	79.58603896103897
0	99999999999999999	1	390	89.41605839416059
0	99999999999999999	1	205	88.83928571428572
1	249	1	480	91.7864476386037
1	281	1	285	90.57570977917982
0	99999999999999999	1	420	96.27563329312424
0	99999999999999999	1	143	87.13872832369943
0	99999999999999999	1	262	91.07773851590107
1	1393	1	420	98.51941747572815
0	99999999999999999	0	99999999999999999	70.26484751203851
1	707	1	720	90.625
0	99999999999999999	0	99999999999999999	83.91980360065466
0	99999999999999999	1	255	80.90614886731392
0	99999999999999999	0	99999999999999999	87.61942675159234
1	317	1	321	90.97421203438397
1	177	1	322	92.64492753623189
0	99999999999999999	1	230	91.845703125
0	99999999999999999	1	276	93.29166666666666
1	265	1	384	95.02457002457001
1	165	1	218	94.32291666666669
0	99999999999999999	0	99999999999999999	76.07438016528926
0	99999999999999999	0	99999999999999999	71.52777777777777
1	442	1	446	83.17404426559357
1	669	1	682	91.88659058487875
1	181	1	185	92.63613861386139
0	99999999999999999	1	211	90.3723404255319
1	136	1	162	81.09903381642512
1	595	1	599	95.53285256410257
0	99999999999999999	1	434	94.50959488272922
1	219	1	436	97.11745689655173
1	380	1	384	96.85185185185186
0	99999999999999999	0	99999999999999999	83.42651757188499
0	99999999999999999	0	99999999999999999	67.8734756097561
0	99999999999999999	1	186	88.60837438423646
1	198	1	202	89.06249999999999
1	264	1	420	96.6116173120729
1	333	1	341	95.73170731707316
1	297	1	420	93.64697802197801
0	99999999999999999	1	173	74.53125
0	99999999999999999	1	163	92.17105263157895
0	99999999999999999	1	420	97.84361851332397
1	740	1	420	97.70833333333333
0	99999999999999999	0	99999999999999999	63.26699834162521
0	99999999999999999	0	99999999999999999	83.71710526315789
0	99999999999999999	0	99999999999999999	91.31663974151857
0	99999999999999999	0	99999999999999999	86.42276422764228
1	352	1	356	89.26701570680628
1	412	1	461	92.89014373716633
0	99999999999999999	1	480	91.71487603305786
1	342	1	346	95.14824797843666
0	99999999999999999	1	321	94.78260869565217
1	338	1	420	91.82213930348257
0	99999999999999999	1	420	97.17023172905527
0	99999999999999999	0	99999999999999999	74.68944099378882
0	99999999999999999	0	99999999999999999	86.60714285714285
1	357	1	375	89.96875
1	160	1	164	77.30855855855856
0	99999999999999999	1	379	94.57605985037407
0	99999999999999999	1	315	85.00683060109289
0	99999999999999999	1	148	91.3074712643678
0	99999999999999999	1	182	86.24401913875599
1	298	1	420	94.12607449856735
0	99999999999999999	1	166	94.30555555555557
1	773	1	420	98.72010463378176
0	99999999999999999	0	99999999999999999	79.82348111658456
0	99999999999999999	0	99999999999999999	80.62106918238993
0	99999999999999999	1	438	92.12365591397851
1	183	1	198	84.49170124481327
0	99999999999999999	0	99999999999999999	81.51840490797547
0	99999999999999999	1	144	88.28571428571428
0	99999999999999999	1	160	79.36046511627907
1	264	1	373	98.52362204724409
0	99999999999999999	1	349	87.62106537530266
0	99999999999999999	1	420	97.21948818897637
1	1186	1	1190	98.50164203612478
0	99999999999999999	0	99999999999999999	71.78861788617886
0	99999999999999999	0	99999999999999999	78.59450726978999
0	99999999999999999	0	99999999999999999	79.83226837060704
1	126	1	130	80.19125683060108
1	287	1	420	91.78082191780821
0	99999999999999999	1	137	75.45811518324606
1	200	1	204	91.86681222707422
1	379	1	383	89.12776412776412
0	99999999999999999	1	367	89.08114558472553
0	99999999999999999	1	420	98.0486173059768
1	1560	1	2865	99.60207612456747
0	99999999999999999	0	99999999999999999	77.05930807248765
0	99999999999999999	0	99999999999999999	79.7427652733119
0	99999999999999999	1	523	81.87613843351546
0	99999999999999999	1	375	89.91228070175438
1	335	1	339	87.73333333333335
0	99999999999999999	1	621	92.7825077399381
0	99999999999999999	1	182	89.59330143540669
1	181	1	192	81.49801587301587
0	99999999999999999	1	233	90.34514925373134
1	138	1	206	92.97210300429185
0	99999999999999999	1	717	95.91216216216216
0	99999999999999999	0	99999999999999999	75.92592592592592
0	99999999999999999	0	99999999999999999	66.77685950413223
1	489	1	518	79.21075837742504
0	99999999999999999	0	99999999999999999	84.97774480712165
1	478	1	600	86.27886323268206
0	99999999999999999	1	577	87.81055900621118
1	407	1	620	98.88888888888889
1	249	1	263	90.48442906574394
1	265	1	302	95.87227414330218
0	99999999999999999	1	420	96.96856287425148
1	5769	1	420	99.41292423723003
0	99999999999999999	0	99999999999999999	75.18740629685158
0	99999999999999999	0	99999999999999999	82.09677419354838
1	149	1	165	91.77461139896373
1	281	1	297	83.91335227272727
0	99999999999999999	1	322	91.28676470588235
1	224	1	228	92.57968127490038
1	192	1	319	95.20348837209302
1	286	1	351	95.87874659400545
1	132	1	253	94.59821428571429
0	99999999999999999	1	420	97.01409495548963
1	2090	1	2630	99.48269375470278
0	99999999999999999	0	99999999999999999	72.02283849918435
0	99999999999999999	0	99999999999999999	85.37190082644629
1	339	1	343	93.25880758807588
1	182	1	210	93.21581196581198
0	99999999999999999	1	183	90.56490384615384
0	99999999999999999	1	193	91.64663461538461
0	99999999999999999	1	420	96.32009345794393
0	99999999999999999	1	398	92.84869976359339
1	304	1	314	85.76666666666667
0	99999999999999999	1	154	75.45871559633028
1	405	1	662	97.95620437956204
1	424	1	440	65.74803149606299
0	99999999999999999	1	484	74.609375
0	99999999999999999	0	99999999999999999	82.54857997010463
0	99999999999999999	0	99999999999999999	85.282874617737
0	99999999999999999	1	316	77.84852546916889
1	335	1	339	90.62499999999999
0	99999999999999999	1	188	94.4047619047619
0	99999999999999999	1	273	89.96655518394648
0	99999999999999999	1	200	82.1969696969697
0	99999999999999999	1	420	98.33535108958836
1	1064	1	420	98.52310231023101
0	99999999999999999	0	99999999999999999	76.87101910828027
0	99999999999999999	0	99999999999999999	82.02247191011234
0	99999999999999999	0	99999999999999999	85.03210272873194
0	99999999999999999	0	99999999999999999	92.07119741100325
0	99999999999999999	1	424	89.39479638009048
1	337	1	341	92.98780487804879
0	99999999999999999	1	204	87.88209606986901
1	309	1	420	95.06909547738694
1	293	1	420	95.69160997732426
1	360	1	420	97.47899159663865
0	99999999999999999	1	420	99.57709824333116
0	99999999999999999	0	99999999999999999	72.41935483870968
0	99999999999999999	0	99999999999999999	76.51757188498402
1	378	1	382	92.14108910891089
0	99999999999999999	0	99999999999999999	83.5
1	447	1	451	95.38502109704642
0	99999999999999999	1	220	87.40421455938699
0	99999999999999999	1	253	89.58333333333333
1	317	1	420	95.83333333333331
1	310	1	410	96.83908045977012
0	99999999999999999	1	420	97.0075239398085
0	99999999999999999	1	420	98.47435897435899
0	99999999999999999	0	99999999999999999	71.88013136288998
0	99999999999999999	0	99999999999999999	72.72909967845659
0	99999999999999999	1	482	91.82405566600397
0	99999999999999999	0	99999999999999999	83.89097744360903
1	759	1	763	89.20670037926675
0	99999999999999999	1	174	79.20212765957446
1	207	1	211	91.31799163179917
0	99999999999999999	1	269	91.62457912457911
1	427	1	420	95.78625235404897
1	1036	1	2962	99.64800536372779
1	2291	1	2295	99.43329015544042
0	99999999999999999	0	99999999999999999	79.17355371900827
0	99999999999999999	0	99999999999999999	75.32733224222586
0	99999999999999999	0	99999999999999999	88.46463022508038
0	99999999999999999	1	337	91.26381215469614
1	434	1	438	92.95356371490281
0	99999999999999999	1	243	88.39622641509435
1	239	1	287	93.14903846153845
0	99999999999999999	1	226	91.1
0	99999999999999999	1	409	95.87182448036951
1	246	1	266	87.6577287066246
1	403	1	420	93.46973094170403
0	99999999999999999	0	99999999999999999	75.57631160572336
0	99999999999999999	0	99999999999999999	85.46423135464232
1	269	1	272	92.20890410958903
0	99999999999999999	0	99999999999999999	86.51729559748429
1	208	1	252	94.3794964028777
1	399	1	410	81.70212765957447
1	210	1	214	93.125
0	99999999999999999	1	258	93.6832740213523
0	99999999999999999	1	693	97.40532959326787
1	244	1	248	94.35185185185186
0	99999999999999999	1	420	98.02698574338086
0	99999999999999999	0	99999999999999999	77.48766447368422
1	128	1	132	73.15989847715737
1	426	1	430	93.08333333333333
0	99999999999999999	1	126	85.71428571428572
1	257	1	261	78.10314685314685
1	304	1	420	94.34604904632153
1	211	1	215	81.76691729323309
1	254	1	319	94.42419825072886
1	215	1	301	95.90978593272172
0	99999999999999999	1	214	91.73553719008265
0	99999999999999999	1	420	98.4650967199327
0	99999999999999999	0	99999999999999999	75.77881619937695
0	99999999999999999	1	253	87.94483985765126
0	99999999999999999	0	99999999999999999	80.86319218241043
0	99999999999999999	0	99999999999999999	83.70429252782193
1	290	1	297	83.69113573407202
0	99999999999999999	1	587	97.12009803921569
0	99999999999999999	1	224	81.27177700348432
0	99999999999999999	1	311	94.83775811209438
1	268	1	272	88.80769230769232
1	282	1	825	98.13673708920187
0	99999999999999999	1	420	99.12012798138451
0	99999999999999999	0	99999999999999999	77.0259319286872
0	99999999999999999	0	99999999999999999	81.67189952904238
1	277	1	281	86.28640776699031
1	368	1	372	90.21875
0	99999999999999999	1	304	83.6986301369863
1	539	1	543	90.15625
1	158	1	162	74.0174672489083
1	180	1	189	93.8953488372093
1	369	1	420	92.66552511415524
1	178	1	191	88.69863013698631
1	307	1	435	96.17903930131004
0	99999999999999999	0	99999999999999999	83.50977198697069
0	99999999999999999	0	99999999999999999	87.53846153846152
1	359	1	363	90.4040404040404
1	205	1	209	91.44736842105263
1	452	1	528	85.52631578947367
0	99999999999999999	1	185	88.26650943396226
1	297	1	334	96.76846590909092
1	555	1	420	95.90761750405186
1	277	1	420	97.36842105263158
1	273	1	469	96.23737373737374
0	99999999999999999	1	420	97.77397260273972
1	645	1	668	80.38544668587895
0	99999999999999999	0	99999999999999999	83.37339743589745
1	176	1	195	75.27173913043478
1	403	1	407	93.00947867298578
0	99999999999999999	1	199	85.09036144578313
1	511	1	600	96.80493273542601
1	275	1	383	94.16058394160584
1	414	1	420	95.0
0	99999999999999999	1	345	94.10569105691057
0	99999999999999999	1	420	96.40827922077922
0	99999999999999999	1	420	99.48618406028774
0	99999999999999999	1	489	86.42578125
0	99999999999999999	0	99999999999999999	79.09647779479326
0	99999999999999999	0	99999999999999999	80.1171875
0	99999999999999999	1	448	88.31135902636917
1	336	1	340	86.69871794871794
1	311	1	315	90.04424778761062
0	99999999999999999	1	184	85.22727272727272
1	169	1	173	92.0280612244898
1	294	1	298	92.91795665634675
0	99999999999999999	1	229	87.84313725490198
1	977	1	420	98.94524236983843
0	99999999999999999	0	99999999999999999	88.90625
0	99999999999999999	0	99999999999999999	86.75496688741721
0	99999999999999999	0	99999999999999999	85.36053882725832
1	454	1	605	86.32936507936508
1	309	1	313	89.84375
1	203	1	207	91.7564655172414
1	790	1	600	94.0989077669903
1	294	1	298	94.30428134556576
1	202	1	327	95.07042253521126
1	456	1	480	96.84139784946237
0	99999999999999999	1	420	99.44553805774278
0	99999999999999999	0	99999999999999999	77.46815286624204
0	99999999999999999	0	99999999999999999	84.53355155482816
1	400	1	404	90.16587677725119
0	99999999999999999	0	99999999999999999	87.51803751803753
1	548	1	552	92.83246977547496
1	148	1	152	84.97340425531915
1	364	1	368	91.61392405063292
1	319	1	323	95.05813953488372
1	288	1	292	94.35876623376625
0	99999999999999999	1	420	96.52636916835701
1	303	1	420	97.52327127659574
0	99999999999999999	0	99999999999999999	83.19444444444446
1	534	1	538	88.05212014134275
0	99999999999999999	0	99999999999999999	83.24508320726171
0	99999999999999999	0	99999999999999999	90.03164556962025
1	312	1	329	88.44803370786516
0	99999999999999999	1	193	91.9683257918552
1	219	1	223	81.04338842975206
0	99999999999999999	1	170	89.42307692307693
0	99999999999999999	1	480	98.2298259493671
1	609	1	420	96.51386748844376
0	99999999999999999	1	480	98.15737051792829
0	99999999999999999	0	99999999999999999	77.31404958677686
0	99999999999999999	0	99999999999999999	77.33118971061094
0	99999999999999999	1	424	84.92105263157896
0	99999999999999999	0	99999999999999999	86.28095975232199
0	99999999999999999	1	424	81.90721649484536
1	307	1	311	87.96164772727273
0	99999999999999999	1	253	90.68181818181817
1	261	1	265	94.88054607508532
1	309	1	420	95.94250363901018
0	99999999999999999	1	212	91.40625
0	99999999999999999	1	360	94.22077922077922
0	99999999999999999	0	99999999999999999	76.25391849529781
0	99999999999999999	0	99999999999999999	79.43615257048093
1	602	1	606	90.21653543307086
0	99999999999999999	1	427	86.53846153846155
1	303	1	338	86.31805157593124
1	231	1	235	85.84821428571428
1	190	1	194	88.92857142857143
0	99999999999999999	1	294	85.05586592178771
1	468	1	420	96.64371772805508
1	228	1	232	87.1124031007752
1	284	1	330	97.69061583577712
0	99999999999999999	0	99999999999999999	87.7062706270627
0	99999999999999999	0	99999999999999999	77.54934210526315
0	99999999999999999	0	99999999999999999	80.93956953642383
1	403	1	407	92.51740139211137
1	139	1	143	74.36868686868688
1	388	1	401	89.30652680652679
0	99999999999999999	1	124	79.8529411764706
0	99999999999999999	1	214	92.06008583690986
0	99999999999999999	1	190	82.57575757575756
0	99999999999999999	1	420	97.32014388489209
1	736	1	740	97.79411764705883
0	99999999999999999	0	99999999999999999	74.36406995230524
0	99999999999999999	0	99999999999999999	78.11488673139158
0	99999999999999999	0	99999999999999999	84.96932515337424
0	99999999999999999	0	99999999999999999	85.67026194144839
1	335	1	351	95.13305322128852
0	99999999999999999	1	270	92.0376712328767
1	645	1	649	96.5185185185185
1	236	1	337	93.73287671232877
1	233	1	240	93.63295880149813
1	367	1	420	97.33796296296298
1	492	1	420	97.55514705882354
0	99999999999999999	0	99999999999999999	78.52459016393443
0	99999999999999999	1	671	89.2623546511628
1	596	1	600	87.24082934609251
1	297	1	317	90.58823529411764
0	99999999999999999	1	292	94.99211356466876
1	285	1	289	93.8973063973064
0	99999999999999999	1	243	92.32536764705881
1	215	1	219	92.04545454545455
1	328	1	420	97.23419540229885
0	99999999999999999	1	480	97.70942408376963
0	99999999999999999	1	127	80.1470588235294
0	99999999999999999	1	257	88.3833922261484
0	99999999999999999	0	99999999999999999	84.399375975039
0	99999999999999999	1	606	83.35987261146497
0	99999999999999999	0	99999999999999999	85.78740157480314
0	99999999999999999	1	619	89.20454545454545
1	492	1	498	93.28214971209212
0	99999999999999999	1	365	92.47448979591837
1	165	1	169	83.51190476190476
1	162	1	166	81.82367149758454
0	99999999999999999	1	167	86.83252427184466
1	775	1	420	96.69727488151659
0	99999999999999999	0	99999999999999999	84.48608964451314
0	99999999999999999	0	99999999999999999	77.86290322580645
0	99999999999999999	0	99999999999999999	89.60629921259843
0	99999999999999999	1	233	90.97222222222223
1	613	1	617	91.88084112149534
1	604	1	619	89.81978527607362
0	99999999999999999	1	258	84.99134948096886
1	158	1	162	83.7378640776699
1	145	1	219	92.77108433734941
1	214	1	317	93.25221238938053
1	363	1	420	96.54891304347828
0	99999999999999999	0	99999999999999999	67.25521669341894
0	99999999999999999	0	99999999999999999	75.074294205052
1	545	1	549	77.01612903225808
1	554	1	576	84.33098591549295
0	99999999999999999	1	278	89.52145214521452
0	99999999999999999	1	420	93.41114457831326
0	99999999999999999	1	274	92.75662251655629
1	284	1	288	93.15664556962027
1	276	1	416	95.77625570776256
1	538	1	480	95.88495575221238
1	564	1	568	96.0016835016835
1	209	1	222	88.65
0	99999999999999999	1	311	87.09077380952381
1	505	1	509	85.72097378277154
1	655	1	692	88.75
0	99999999999999999	0	99999999999999999	89.97186495176848
0	99999999999999999	1	166	92.98941798941797
0	99999999999999999	1	239	94.3916349809886
0	99999999999999999	1	320	91.07658959537572
0	99999999999999999	1	187	91.47196261682242
1	343	1	362	88.91908212560386
1	9310	1	9775	99.85199550882923
0	99999999999999999	0	99999999999999999	74.71819645732688
0	99999999999999999	0	99999999999999999	80.22762345679013
0	99999999999999999	0	99999999999999999	90.42307692307692
1	567	1	571	92.36227045075124
0	99999999999999999	1	162	89.02116402116403
1	271	1	300	89.74458204334364
1	455	1	502	89.78713768115941
0	99999999999999999	1	420	96.79221854304635
1	286	1	844	98.25114678899084
1	619	1	623	97.18364197530865
1	196	1	200	93.35227272727272
0	99999999999999999	0	99999999999999999	70.68403908794788
0	99999999999999999	0	99999999999999999	83.98373983739839
0	99999999999999999	1	369	92.12372448979592
0	99999999999999999	0	99999999999999999	87.38704819277109
1	379	1	383	90.26412776412778
0	99999999999999999	1	183	79.88095238095238
0	99999999999999999	1	425	88.56741573033707
1	250	1	304	95.9214501510574
1	209	1	249	95.11861313868613
0	99999999999999999	1	420	97.36842105263159
1	508	1	420	97.61804384485666
0	99999999999999999	0	99999999999999999	69.76072607260726
0	99999999999999999	0	99999999999999999	80.08649093904448
0	99999999999999999	1	206	87.44855967078189
0	99999999999999999	0	99999999999999999	87.27422003284072
1	381	1	480	92.81850961538461
1	275	1	279	90.11437908496731
0	99999999999999999	1	415	96.31519274376416
1	299	1	303	89.99244712990938
1	710	1	714	97.7830832196453
1	419	1	420	95.83333333333333
0	99999999999999999	1	420	99.50137028014616
0	99999999999999999	0	99999999999999999	82.96387520525452
0	99999999999999999	0	99999999999999999	86.84640522875816
0	99999999999999999	1	427	82.69817073170731
0	99999999999999999	1	197	87.78153153153154
1	461	1	544	93.35867620751343
1	603	1	624	92.66717325227964
1	221	1	277	94.22131147540983
0	99999999999999999	1	206	88.35836909871244
0	99999999999999999	1	187	92.61904761904762
0	99999999999999999	1	203	92.33695652173913
1	414	1	476	96.50698602794411
0	99999999999999999	0	99999999999999999	73.84868421052632
1	600	1	604	81.32
0	99999999999999999	0	99999999999999999	80.97579425113463
1	654	1	658	89.21282798833818
1	140	1	144	81.76546391752576
1	331	1	335	91.32231404958677
0	99999999999999999	1	309	88.77245508982037
1	398	1	420	95.0445434298441
1	373	1	377	95.3997461928934
0	99999999999999999	1	198	94.09722222222223
1	342	1	348	87.10653753026635
1	600	1	613	80.20833333333334
0	99999999999999999	0	99999999999999999	83.19029850746269
0	99999999999999999	0	99999999999999999	85.58
0	99999999999999999	0	99999999999999999	75.45454545454544
1	331	1	335	88.03908355795147
0	99999999999999999	1	363	85.15424164524421
1	269	1	362	95.13888888888889
1	214	1	218	88.84297520661156
0	99999999999999999	1	420	97.42353723404254
0	99999999999999999	1	208	96.53409090909092
0	99999999999999999	1	420	96.17135761589404
0	99999999999999999	0	99999999999999999	76.27388535031847
0	99999999999999999	0	99999999999999999	85.72580645161291
0	99999999999999999	0	99999999999999999	79.69897209985317
0	99999999999999999	1	431	90.08985200845666
1	402	1	440	93.9385775862069
0	99999999999999999	1	154	87.42774566473987
1	504	1	540	97.51344086021506
0	99999999999999999	1	134	73.9375
1	427	1	431	95.9967320261438
0	99999999999999999	1	420	98.39473684210526
1	501	1	480	97.77628032345012
1	551	1	555	83.0372616984402
0	99999999999999999	0	99999999999999999	82.03957382039573
0	99999999999999999	0	99999999999999999	83.24386503067485
0	99999999999999999	1	303	92.63803680981596
1	329	1	420	94.90616621983914
0	99999999999999999	1	309	95.79545454545455
1	421	1	480	92.95154185022025
0	99999999999999999	1	368	96.08585858585859
0	99999999999999999	1	420	98.21808510638297
0	99999999999999999	1	124	75.14044943820227
1	129	1	212	93.74999999999999
0	99999999999999999	0	99999999999999999	71.6589861751152
0	99999999999999999	0	99999999999999999	81.54471544715447
0	99999999999999999	0	99999999999999999	82.1104387291982
0	99999999999999999	1	159	91.75675675675676
1	402	1	437	93.52536997885834
1	245	1	249	88.81340579710145
1	333	1	337	95.04847645429363
1	177	1	183	79.03225806451613
1	190	1	874	97.13366890380311
1	403	1	420	96.1670480549199
1	204	1	1657	99.00593471810089
0	99999999999999999	0	99999999999999999	80.89933993399339
1	619	1	623	83.23552425665102
0	99999999999999999	0	99999999999999999	84.85725308641976
0	99999999999999999	0	99999999999999999	87.37980769230768
0	99999999999999999	1	337	94.00969529085872
1	394	1	420	90.73761261261261
0	99999999999999999	1	340	91.75824175824175
0	99999999999999999	1	305	91.50302114803627
1	362	1	366	95.32051282051283
0	99999999999999999	1	420	97.16898954703831
0	99999999999999999	1	419	94.96644295302013
0	99999999999999999	0	99999999999999999	75.70480928689884
0	99999999999999999	1	587	89.4672131147541
0	99999999999999999	1	512	87.17228464419476
1	183	1	202	80.8794466403162
1	540	1	544	89.75446428571429
0	99999999999999999	1	200	91.21004566210046
1	255	1	425	95.74944071588367
1	276	1	286	85.5907780979827
1	310	1	314	94.78550295857987
1	232	1	316	95.85755813953489
1	773	1	420	99.01349948078919
0	99999999999999999	0	99999999999999999	74.72044728434504
0	99999999999999999	1	261	81.60971223021583
0	99999999999999999	0	99999999999999999	84.27220394736841
0	99999999999999999	1	576	89.16015625
1	246	1	250	84.67881944444444
0	99999999999999999	1	389	91.27415458937197
1	241	1	339	92.47237569060775
0	99999999999999999	1	315	94.17655786350149
1	330	1	519	96.85202205882354
1	343	1	420	91.31410256410257
1	1528	1	1532	98.4775641025641
0	99999999999999999	0	99999999999999999	77.25806451612904
0	99999999999999999	0	99999999999999999	82.55718954248367
1	306	1	310	78.73603351955309
0	99999999999999999	1	486	85.16081871345028
0	99999999999999999	1	302	79.86505681818181
1	214	1	218	90.21739130434783
0	99999999999999999	1	132	77.9054054054054
1	397	1	404	96.36627906976744
0	99999999999999999	1	420	94.22909407665506
0	99999999999999999	1	331	93.17548746518105
1	177	1	424	96.16031390134529
0	99999999999999999	0	99999999999999999	69.23701298701297
0	99999999999999999	0	99999999999999999	86.14327062228654
0	99999999999999999	0	99999999999999999	77.85053929121726
1	190	1	194	92.06161137440759
0	99999999999999999	1	473	91.96068548387098
1	224	1	242	75.16233766233766
1	219	1	236	91.99810606060605
1	250	1	254	95.81766917293233
1	1100	1	1131	99.2242132867133
0	99999999999999999	1	184	92.33490566037736
1	246	1	420	96.70022371364652
0	99999999999999999	0	99999999999999999	76.0655737704918
0	99999999999999999	0	99999999999999999	83.10032894736842
0	99999999999999999	1	544	89.52108963093146
1	341	1	345	94.45945945945945
1	198	1	242	82.25806451612904
0	99999999999999999	1	552	86.1318407960199
1	445	1	532	95.20609318996416
1	598	1	602	92.0906200317965
0	99999999999999999	1	370	92.29539641943734
1	436	1	440	95.53952991452991
0	99999999999999999	1	420	98.72118155619596
0	99999999999999999	0	99999999999999999	80.56
0	99999999999999999	0	99999999999999999	82.78264331210192
0	99999999999999999	0	99999999999999999	86.9701726844584
1	251	1	272	83.5139318885449
1	359	1	467	88.71951219512195
0	99999999999999999	0	99999999999999999	87.24188790560471
1	201	1	230	89.91312741312741
1	175	1	179	94.91206030150755
1	355	1	359	96.08552631578948
1	696	1	420	98.46377749029755
0	99999999999999999	1	420	99.46906457156888
0	99999999999999999	0	99999999999999999	79.3512658227848
0	99999999999999999	0	99999999999999999	81.9645732689211
1	383	1	412	91.01382488479263
0	99999999999999999	0	99999999999999999	84.13608562691131
0	99999999999999999	1	244	82.48299319727892
0	99999999999999999	1	480	95.43181818181817
1	458	1	526	94.07775768535262
1	204	1	265	85.30927835051546
0	99999999999999999	1	480	97.5625
0	99999999999999999	1	186	78.61445783132531
0	99999999999999999	1	419	95.13574660633485
0	99999999999999999	0	99999999999999999	69.48590381426202
0	99999999999999999	1	327	85.8450704225352
0	99999999999999999	1	244	86.18913857677902
1	412	1	416	90.80882352941177
1	239	1	243	94.01544401544402
0	99999999999999999	1	529	92.08860759493669
1	438	1	442	93.46774193548387
1	227	1	247	90.43040293040292
1	414	1	420	94.87250554323725
0	99999999999999999	1	614	97.85433070866142
1	259	1	1880	99.27745664739884
0	99999999999999999	0	99999999999999999	77.74244833068363
0	99999999999999999	0	99999999999999999	71.8543046357616
1	254	1	258	87.54401408450704
1	414	1	418	86.09865470852017
1	259	1	263	84.03508771929826
1	373	1	389	91.51678657074342
1	293	1	420	96.56326034063261
1	493	1	942	98.46332644628099
1	201	1	1625	98.79793061472915
1	292	1	296	95.79475308641975
0	99999999999999999	0	99999999999999999	75.08291873963516
0	99999999999999999	0	99999999999999999	86.61157024793388
0	99999999999999999	0	99999999999999999	81.59298780487805
1	209	1	213	91.84322033898306
0	99999999999999999	1	480	94.80485232067511
1	249	1	257	93.21808510638297
1	200	1	213	98.18925233644862
0	99999999999999999	1	284	91.73519736842104
1	323	1	420	95.68733153638814
1	300	1	326	96.45892351274787
1	1331	1	600	99.12064431295201
0	99999999999999999	0	99999999999999999	76.02362204724409
0	99999999999999999	0	99999999999999999	86.14649681528662
0	99999999999999999	0	99999999999999999	90.22801302931595
1	269	1	324	93.75
1	322	1	346	91.92779291553134
1	216	1	242	92.06273764258555
0	99999999999999999	1	186	89.92718446601943
0	99999999999999999	1	394	95.20383693045564
0	99999999999999999	1	260	95.39007092198582
0	99999999999999999	1	420	97.4260523321957
0	99999999999999999	1	235	85.13513513513513
0	99999999999999999	0	99999999999999999	75.94884488448845
1	221	1	242	89.44128787878788
0	99999999999999999	0	99999999999999999	83.44262295081967
0	99999999999999999	1	329	89.95726495726495
0	99999999999999999	1	676	93.62535612535613
1	232	1	236	90.81439393939395
1	368	1	372	95.6234256926952
1	598	1	602	96.89984101748809
0	99999999999999999	1	148	82.06806282722513
1	463	1	469	90.3558052434457
0	99999999999999999	0	99999999999999999	76.85185185185186
0	99999999999999999	0	99999999999999999	75.8203125
0	99999999999999999	0	99999999999999999	88.68065967016491
0	99999999999999999	0	99999999999999999	87.65408320493066
1	407	1	411	86.4367816091954
0	99999999999999999	1	310	90.15718562874252
1	260	1	264	91.59407665505228
1	291	1	295	92.9858934169279
1	523	1	420	95.42525773195875
1	275	1	513	96.23382624768948
1	575	1	826	98.50527549824149
0	99999999999999999	0	99999999999999999	72.7347611202636
0	99999999999999999	0	99999999999999999	75.20424836601308
1	455	1	461	86.42638036809817
0	99999999999999999	1	160	84.75
0	99999999999999999	1	126	77.18926553672317
1	222	1	298	93.02147239263805
0	99999999999999999	1	212	93.69791666666667
0	99999999999999999	1	139	73.40686274509802
0	99999999999999999	1	420	96.5547703180212
0	99999999999999999	1	420	98.29545454545455
0	99999999999999999	1	420	96.75751879699249
0	99999999999999999	0	99999999999999999	68.29769736842105
0	99999999999999999	1	550	82.43006993006992
0	99999999999999999	0	99999999999999999	86.33064516129033
0	99999999999999999	1	581	89.84634551495017
0	99999999999999999	1	375	85.09975062344141
1	230	1	271	89.44256756756756
1	380	1	417	96.36727688787185
1	204	1	208	90.58441558441558
0	99999999999999999	1	420	99.02198211624442
1	580	1	1191	99.08586688578472
0	99999999999999999	1	994	98.52005870841487
0	99999999999999999	0	99999999999999999	74.35897435897436
0	99999999999999999	0	99999999999999999	80.98360655737704
0	99999999999999999	0	99999999999999999	86.79577464788731
1	214	1	218	92.44897959183672
0	99999999999999999	0	99999999999999999	85.23089171974522
0	99999999999999999	1	252	87.82287822878227
1	260	1	467	96.58400809716599
1	374	1	480	93.38768115942028
1	270	1	276	86.03372434017597
0	99999999999999999	1	420	96.23983739837401
0	99999999999999999	1	420	97.95103092783505
0	99999999999999999	0	99999999999999999	75.55428134556576
0	99999999999999999	0	99999999999999999	82.97448165869218
0	99999999999999999	0	99999999999999999	83.24261275272163
0	99999999999999999	1	379	83.54357798165138
0	99999999999999999	1	181	89.19082125603865
1	226	1	252	84.62199312714779
1	414	1	480	93.5682326621924
1	445	1	540	87.65060240963858
1	172	1	219	94.8045267489712
0	99999999999999999	1	212	85.28481012658229
0	99999999999999999	1	492	95.38201160541587
0	99999999999999999	0	99999999999999999	78.39607201309327
0	99999999999999999	1	556	85.21392617449663
1	244	1	261	86.93379790940766
0	99999999999999999	1	207	88.37336244541483
0	99999999999999999	1	172	78.84615384615384
1	363	1	449	95.75471698113208
1	195	1	270	92.43197278911566
0	99999999999999999	1	393	96.48910411622276
0	99999999999999999	1	166	87.31884057971014
1	463	1	420	95.86759868421052
1	180	1	286	95.57877813504824
0	99999999999999999	0	99999999999999999	78.72168284789643
0	99999999999999999	0	99999999999999999	79.58603896103895
0	99999999999999999	0	99999999999999999	87.31884057971016
0	99999999999999999	1	245	77.97427652733118
0	99999999999999999	1	481	84.79357798165138
1	671	1	687	94.6953781512605
1	294	1	298	88.30769230769232
0	99999999999999999	1	420	96.02000000000001
1	241	1	323	93.82183908045975
1	622	1	670	97.78138528138528
0	99999999999999999	1	650	97.82934131736528
0	99999999999999999	0	99999999999999999	75.07267441860466
0	99999999999999999	0	99999999999999999	85.70901033973414
0	99999999999999999	1	639	90.79046898638425
0	99999999999999999	1	312	89.00735294117648
0	99999999999999999	0	99999999999999999	90.10500807754441
0	99999999999999999	1	246	79.43548387096774
1	402	1	482	97.17261904761905
1	215	1	1439	99.28082191780823
0	99999999999999999	1	154	88.95833333333334
1	483	1	420	96.99630314232903
0	99999999999999999	1	221	95.27439024390245
0	99999999999999999	0	99999999999999999	70.8813838550247
0	99999999999999999	0	99999999999999999	78.46774193548387
0	99999999999999999	0	99999999999999999	85.82202111613877
0	99999999999999999	1	625	88.15586419753087
1	350	1	386	93.10661764705883
1	658	1	662	95.73529411764704
1	533	1	480	95.83996815286623
1	390	1	394	95.1718009478673
0	99999999999999999	1	132	82.10227272727272
0	99999999999999999	1	420	97.53105590062111
0	99999999999999999	1	262	86.48867313915859
1	499	0	99999999999999999	84.33388157894736
0	99999999999999999	1	607	80.29061102831595
0	99999999999999999	0	99999999999999999	84.0769230769231
1	574	1	578	87.32114467408584
0	99999999999999999	1	321	88.9792899408284
1	341	1	345	90.7103825136612
1	268	1	327	95.9045584045584
0	99999999999999999	1	276	92.10526315789474
1	195	1	245	84.90484429065744
1	212	1	234	88.47173144876325
0	99999999999999999	1	420	96.05704697986577
1	173	1	188	80.39529914529915
0	99999999999999999	1	253	84.52797202797203
0	99999999999999999	0	99999999999999999	83.51239669421487
1	517	1	521	85.39762340036563
1	645	1	667	91.25000000000001
1	480	1	484	89.15841584158414
0	99999999999999999	1	205	92.33333333333333
1	262	1	721	97.74562584118439
0	99999999999999999	1	304	93.75
1	388	1	526	97.02272727272725
1	454	1	420	96.34803921568627
0	99999999999999999	0	99999999999999999	68.12913907284769
1	406	1	440	79.19161676646708
0	99999999999999999	0	99999999999999999	85.20325203252033
1	184	1	188	81.96271929824562
0	99999999999999999	1	471	95.2020202020202
1	341	1	350	86.17374005305041
1	294	1	420	94.40954773869348
1	301	1	400	93.16588785046729
1	258	1	300	88.44984802431611
1	253	1	748	98.04333764553687
1	323	1	754	98.12017994858611
0	99999999999999999	0	99999999999999999	72.59535655058043
0	99999999999999999	0	99999999999999999	80.99124203821655
1	261	1	300	85.18518518518519
0	99999999999999999	1	553	87.78211805555557
1	320	1	324	95.09587020648968
0	99999999999999999	1	428	83.18181818181819
1	434	1	420	92.438900203666
1	195	1	271	91.91919191919193
1	279	1	283	93.58660130718954
0	99999999999999999	1	209	92.55434782608695
1	246	1	351	96.13095238095238
0	99999999999999999	0	99999999999999999	84.27152317880794
0	99999999999999999	0	99999999999999999	73.08575803981624
0	99999999999999999	1	362	90.92948717948718
1	403	1	426	87.77593818984546
1	486	1	500	91.80871212121212
1	249	1	315	92.41202346041055
0	99999999999999999	1	251	90.52197802197803
0	99999999999999999	1	126	85.60855263157895
0	99999999999999999	1	161	90.7258064516129
0	99999999999999999	1	544	95.6140350877193
1	451	1	420	97.81203840472672
1	451	1	464	81.55339805825243
0	99999999999999999	0	99999999999999999	80.9349593495935
0	99999999999999999	1	604	82.73052464228934
1	345	1	368	94.65648854961833
0	99999999999999999	0	99999999999999999	88.29011345218801
0	99999999999999999	1	233	92.42277992277991
1	434	1	438	88.72699386503068
1	369	1	480	92.95698924731182
1	210	1	219	83.1140350877193
1	224	1	396	95.84323040380048
0	99999999999999999	1	133	87.1894409937888
0	99999999999999999	0	99999999999999999	78.55371900826447
1	247	1	251	93.42334494773519
0	99999999999999999	1	443	82.88310412573674
0	99999999999999999	0	99999999999999999	89.00445765230312
0	99999999999999999	1	306	88.80988023952096
1	321	1	325	89.08501440922191
0	99999999999999999	1	371	91.63647342995168
0	99999999999999999	1	212	96.62162162162163
0	99999999999999999	1	480	94.06407035175879
1	545	1	540	99.000794070937
1	545	1	549	94.32409012131716
0	99999999999999999	0	99999999999999999	81.58837579617834
0	99999999999999999	0	99999999999999999	86.50234741784038
0	99999999999999999	0	99999999999999999	80.49450549450549
0	99999999999999999	1	381	93.48765432098766
1	663	1	667	87.31988472622479
1	319	1	420	92.13709677419355
1	330	1	341	94.5054945054945
0	99999999999999999	1	139	94.78527607361964
0	99999999999999999	1	420	97.43756503642038
0	99999999999999999	1	239	89.77272727272728
0	99999999999999999	1	184	93.75
0	99999999999999999	0	99999999999999999	76.1904761904762
1	416	1	425	78.06291390728477
0	99999999999999999	1	246	84.41666666666667
1	459	1	660	89.79810996563572
0	99999999999999999	0	99999999999999999	93.07350565428109
0	99999999999999999	1	187	92.77251184834122
0	99999999999999999	1	122	90.625
1	192	1	196	91.01382488479261
0	99999999999999999	1	214	88.17148760330579
1	296	1	431	96.18131868131869
1	166	1	170	78.90969162995596
0	99999999999999999	0	99999999999999999	77.1975806451613
0	99999999999999999	0	99999999999999999	79.85668789808918
0	99999999999999999	0	99999999999999999	82.30337078651687
1	312	1	320	83.77937336814621
0	99999999999999999	1	337	93.56164383561645
1	490	1	516	90.9090909090909
0	99999999999999999	1	514	93.53049907578557
0	99999999999999999	1	152	91.49096385542168
1	290	1	533	95.16129032258064
0	99999999999999999	1	197	90.82943925233644
0	99999999999999999	1	164	92.65873015873015
0	99999999999999999	0	99999999999999999	71.97346600331674
1	577	1	667	92.24890829694324
0	99999999999999999	1	254	82.31382978723404
1	386	1	391	87.71393643031784
0	99999999999999999	1	163	79.32464454976304
1	395	1	399	93.76477541371159
1	186	1	234	90.7567049808429
1	382	1	420	95.83333333333334
0	99999999999999999	1	159	77.25694444444444
1	215	1	219	94.33673469387755
1	401	1	2095	99.0339302544769
0	99999999999999999	0	99999999999999999	74.49059561128526
0	99999999999999999	0	99999999999999999	84.7397476340694
0	99999999999999999	0	99999999999999999	83.70078740157481
1	315	1	319	82.60309278350516
0	99999999999999999	1	132	87.13235294117646
0	99999999999999999	1	408	87.68656716417911
0	99999999999999999	1	381	91.44088669950739
0	99999999999999999	1	317	86.62109375
0	99999999999999999	1	492	91.64414414414415
1	212	1	536	95.74468085106383
1	1256	1	2207	99.49596774193547
0	99999999999999999	0	99999999999999999	71.49917627677101
0	99999999999999999	0	99999999999999999	84.41334355828222
0	99999999999999999	1	426	85.31526548672565
0	99999999999999999	0	99999999999999999	83.68878357030015
0	99999999999999999	1	259	88.0281690140845
0	99999999999999999	1	197	90.38018433179724
0	99999999999999999	1	142	77.36650485436893
0	99999999999999999	1	409	95.92013888888889
1	112	1	316	86.81818181818181
0	99999999999999999	1	480	97.08460365853658
1	1802	1	2753	99.31205035971223
0	99999999999999999	0	99999999999999999	78.4570596797671
0	99999999999999999	0	99999999999999999	75.79744816586921
1	247	1	251	84.03776978417265
0	99999999999999999	1	448	91.9661733615222
1	330	1	369	93.71905940594058
1	220	1	224	90.67460317460318
0	99999999999999999	1	342	85.59859154929578
1	208	1	212	92.08333333333333
0	99999999999999999	1	382	97.08436724565756
1	352	1	356	94.4736842105263
0	99999999999999999	1	480	97.84482758620689
0	99999999999999999	0	99999999999999999	79.53047775947282
0	99999999999999999	0	99999999999999999	81.73234811165847
0	99999999999999999	1	129	85.04901960784315
1	361	1	408	84.10919540229885
0	99999999999999999	1	140	75.67073170731707
1	205	1	339	95.56564245810056
0	99999999999999999	1	420	96.47683397683399
1	204	1	262	94.79895104895105
1	377	1	480	96.6552734375
1	245	1	319	96.35568513119534
1	2128	1	420	99.29937722419928
0	99999999999999999	0	99999999999999999	70.33965244865719
0	99999999999999999	0	99999999999999999	85.72519083969466
0	99999999999999999	0	99999999999999999	82.9692556634304
1	425	1	429	93.25
0	99999999999999999	1	550	90.69614711033276
1	523	1	574	93.36134453781514
1	368	1	372	92.32736572890026
0	99999999999999999	1	134	88.87987012987013
1	210	1	214	93.38541666666667
0	99999999999999999	1	131	87.73584905660377
0	99999999999999999	1	255	94.75806451612902
0	99999999999999999	0	99999999999999999	69.95934959349593
0	99999999999999999	0	99999999999999999	74.35800604229608
0	99999999999999999	0	99999999999999999	85.06838905775075
0	99999999999999999	1	124	89.62585034013605
0	99999999999999999	1	198	89.55479452054794
1	604	1	681	94.67067988668555
1	198	1	208	84.87354085603113
0	99999999999999999	1	231	89.65686274509804
1	362	1	366	92.83419023136247
1	414	1	420	94.14835164835164
1	531	1	535	96.22557726465364
0	99999999999999999	0	99999999999999999	74.33774834437088
0	99999999999999999	0	99999999999999999	79.26929392446633
0	99999999999999999	0	99999999999999999	84.48275862068967
0	99999999999999999	0	99999999999999999	82.47282608695652
1	196	1	222	93.10165975103735
1	276	1	280	91.88311688311687
1	284	1	288	86.08993902439025
0	99999999999999999	1	480	92.84950071326675
1	232	1	315	95.73615160349856
1	584	1	420	98.04091539528433
1	3800	1	420	99.49570536179074
0	99999999999999999	1	364	90.44312169312168
0	99999999999999999	0	99999999999999999	78.14029363784667
1	472	1	496	88.57798165137613
0	99999999999999999	1	445	89.70739219712526
0	99999999999999999	1	189	84.02466367713004
0	99999999999999999	1	493	89.09132841328413
1	413	1	442	90.92133620689654
1	197	1	464	96.93983402489626
1	496	1	500	95.38352272727273
0	99999999999999999	1	420	97.92833146696528
1	252	1	409	95.2517162471396
0	99999999999999999	0	99999999999999999	80.05804311774462
0	99999999999999999	0	99999999999999999	78.94524959742351
0	99999999999999999	0	99999999999999999	82.83521809369952
1	333	1	352	88.3245382585752
0	99999999999999999	1	203	89.19956140350878
0	99999999999999999	1	254	87.54464285714286
0	99999999999999999	1	199	93.77880184331798
1	397	1	420	95.96501128668172
0	99999999999999999	1	156	91.0919540229885
1	180	1	184	92.68867924528303
1	729	1	540	98.58562691131498
0	99999999999999999	0	99999999999999999	82.27272727272728
0	99999999999999999	0	99999999999999999	79.10094637223973
1	635	1	651	84.69122023809526
1	599	1	603	92.60204081632654
1	771	1	814	83.3779761904762
0	99999999999999999	1	140	90.49079754601227
1	272	1	476	98.07302231237323
0	99999999999999999	1	339	92.9794520547945
1	331	1	395	96.45390070921985
1	342	1	346	95.5163043478261
1	180	1	202	86.15537848605578
0	99999999999999999	0	99999999999999999	79.71544715447153
0	99999999999999999	0	99999999999999999	80.87871287128712
0	99999999999999999	1	254	87.27598566308244
0	99999999999999999	1	253	87.41289198606272
0	99999999999999999	0	99999999999999999	91.84952978056427
0	99999999999999999	1	485	86.67883211678831
1	308	1	480	90.70097244732577
1	591	1	688	95.16643059490086
0	99999999999999999	1	231	93.07228915662651
0	99999999999999999	1	178	91.44088669950739
1	670	1	420	97.82813975448536
0	99999999999999999	0	99999999999999999	77.42834394904459
0	99999999999999999	0	99999999999999999	89.03721682847898
0	99999999999999999	1	188	73.67647058823529
0	99999999999999999	0	99999999999999999	83.16749585406302
0	99999999999999999	1	309	94.35606060606061
1	547	1	565	94.70016891891892
1	221	1	229	80.60787671232877
1	159	1	198	81.48496240601503
1	387	1	660	98.59886649874056
0	99999999999999999	1	463	95.85030549898167
0	99999999999999999	1	420	97.58003048780488
0	99999999999999999	0	99999999999999999	75.64102564102565
0	99999999999999999	0	99999999999999999	78.56570512820514
1	332	1	336	91.09154929577464
1	351	1	480	88.94601542416451
0	99999999999999999	0	99999999999999999	86.46864686468646
1	542	1	600	95.68298969072166
1	234	1	417	96.5625
0	99999999999999999	1	296	85.20962732919254
1	246	1	357	95.2922077922078
1	270	1	420	94.72361809045226
1	279	1	506	96.59304511278195
