0	99999999999999999	0	99999999999999999	73.22804314329738
0	99999999999999999	0	99999999999999999	87.17156105100463
0	99999999999999999	1	480	76.6358024691358
1	155	1	159	87.97297297297297
0	99999999999999999	1	420	92.5364077669903
1	130	1	317	96.88449848024315
1	133	1	480	94.87179487179488
1	205	1	209	89.2703862660944
1	391	1	395	95.16706443914082
0	99999999999999999	1	319	94.79472140762462
1	142	1	146	71.90420560747664
0	99999999999999999	0	99999999999999999	82.27272727272728
0	99999999999999999	0	99999999999999999	86.1341059602649
0	99999999999999999	1	600	80.07142857142857
0	99999999999999999	1	660	81.25
0	99999999999999999	1	360	88.06620209059234
0	99999999999999999	1	219	92.73504273504273
0	99999999999999999	1	360	85.10906040268456
0	99999999999999999	1	343	92.66891891891892
0	99999999999999999	1	360	93.09210526315789
1	230	1	248	96.53558052434457
0	99999999999999999	1	134	92.890625
0	99999999999999999	1	600	77.559963099631
0	99999999999999999	0	99999999999999999	78.98089171974522
1	182	1	186	86.34146341463415
0	99999999999999999	1	420	88.95027624309392
1	367	0	99999999999999999	93.45599393019728
1	395	1	540	87.81185031185032
0	99999999999999999	1	600	94.25487465181057
0	99999999999999999	1	360	92.62724550898204
1	1017	1	1034	97.9127358490566
1	194	1	210	92.8046218487395
1	187	1	201	95.72222222222223
0	99999999999999999	0	99999999999999999	80.47775947281714
0	99999999999999999	1	380	83.19620253164557
0	99999999999999999	1	545	89.25131348511384
1	209	0	99999999999999999	81.92371475953566
0	99999999999999999	1	480	88.74407582938387
1	223	1	360	92.78492647058823
1	221	1	360	90.1872964169381
0	99999999999999999	1	360	91.98825503355704
0	99999999999999999	1	360	95.11834319526626
0	99999999999999999	1	283	94.39516129032258
1	1021	1	1062	98.62268518518519
0	99999999999999999	0	99999999999999999	70.10779436152569
0	99999999999999999	0	99999999999999999	80.0580431177446
1	118	1	360	90.85820895522389
1	292	1	296	78.09065934065936
0	99999999999999999	1	360	87.29575163398694
0	99999999999999999	1	360	93.82022471910112
0	99999999999999999	1	420	86.31859756097562
0	99999999999999999	1	302	91.62878787878788
0	99999999999999999	1	228	93.02788844621513
1	826	1	360	97.34411085450346
0	99999999999999999	1	360	99.03712296983758
0	99999999999999999	0	99999999999999999	86.875
0	99999999999999999	0	99999999999999999	82.83762057877814
0	99999999999999999	0	99999999999999999	78.06201550387597
1	226	0	99999999999999999	88.62336601307189
0	99999999999999999	1	420	91.99862637362638
0	99999999999999999	1	138	84.41265060240964
0	99999999999999999	1	235	91.044061302682
0	99999999999999999	1	360	91.12068965517241
1	233	1	237	94.21206225680933
0	99999999999999999	1	244	93.53932584269663
1	2114	1	2118	99.20597851471274
0	99999999999999999	0	99999999999999999	74.71122112211222
0	99999999999999999	0	99999999999999999	83.51806239737273
1	544	0	99999999999999999	90.9313725490196
0	99999999999999999	1	540	82.99689440993788
1	234	1	360	87.54139072847683
0	99999999999999999	1	185	84.08018867924527
0	99999999999999999	1	420	92.09129511677284
0	99999999999999999	1	597	97.63349514563107
1	162	1	189	88.10572687224669
0	99999999999999999	1	420	98.42167957117331
1	120	1	535	97.05357142857144
0	99999999999999999	0	99999999999999999	69.21850079744816
0	99999999999999999	0	99999999999999999	82.09677419354838
0	99999999999999999	0	99999999999999999	72.59535655058043
0	99999999999999999	1	660	86.97460595446586
0	99999999999999999	1	600	88.3009708737864
1	255	1	273	96.06164383561644
0	99999999999999999	1	197	88.97727272727272
1	296	1	360	92.4621212121212
1	280	1	294	94.00470219435736
0	99999999999999999	1	704	98.16780821917808
0	99999999999999999	1	1565	98.79716981132076
0	99999999999999999	0	99999999999999999	70.1077943615257
0	99999999999999999	0	99999999999999999	77.16346153846153
0	99999999999999999	0	99999999999999999	87.48028391167192
0	99999999999999999	1	420	89.93263473053892
0	99999999999999999	1	420	92.26006191950465
0	99999999999999999	1	263	91.70962199312714
1	243	1	360	86.52777777777779
0	99999999999999999	1	211	91.46739130434781
0	99999999999999999	1	360	95.9090909090909
0	99999999999999999	1	223	91.04251012145747
1	174	1	178	94.41624365482234
0	99999999999999999	0	99999999999999999	81.56300484652667
0	99999999999999999	1	480	75.71599045346063
0	99999999999999999	1	420	89.48353293413173
0	99999999999999999	0	99999999999999999	85.61475409836066
0	99999999999999999	0	99999999999999999	84.9585843373494
0	99999999999999999	1	327	93.80311614730878
0	99999999999999999	1	247	82.86870503597122
0	99999999999999999	1	186	90.8175355450237
0	99999999999999999	1	360	97.01834862385321
0	99999999999999999	1	720	96.75739247311827
0	99999999999999999	1	360	96.77328843995511
0	99999999999999999	0	99999999999999999	76.51757188498404
0	99999999999999999	1	540	82.0616883116883
0	99999999999999999	1	340	87.97945205479454
1	214	1	251	90.50925925925927
0	99999999999999999	1	344	83.61950549450549
0	99999999999999999	1	189	91.82242990654206
0	99999999999999999	1	360	92.5091911764706
0	99999999999999999	1	187	89.06976744186046
0	99999999999999999	1	360	97.78198074277853
1	739	1	743	97.74643320363165
1	215	1	230	94.45525291828793
0	99999999999999999	0	99999999999999999	71.35157545605306
0	99999999999999999	0	99999999999999999	81.5983606557377
0	99999999999999999	1	377	85.45340050377834
0	99999999999999999	1	212	92.6948051948052
1	583	0	99999999999999999	91.00843558282209
1	206	1	230	94.36170212765958
0	99999999999999999	1	350	87.80160857908847
0	99999999999999999	1	360	94.65625
0	99999999999999999	1	420	97.21554487179488
1	264	1	360	94.96644295302013
1	172	1	196	91.7792792792793
0	99999999999999999	0	99999999999999999	84.33388157894737
0	99999999999999999	0	99999999999999999	78.47444089456869
0	99999999999999999	0	99999999999999999	83.11638591117917
1	181	1	185	90.44117647058823
0	99999999999999999	0	99999999999999999	89.75999999999999
1	198	1	540	94.69142259414227
0	99999999999999999	1	264	92.37588652482269
0	99999999999999999	1	175	93.05555555555556
0	99999999999999999	1	440	97.62035010940919
0	99999999999999999	1	360	88.38075880758807
1	845	1	910	98.72858672376873
0	99999999999999999	0	99999999999999999	81.73701298701299
0	99999999999999999	1	600	76.45833333333333
0	99999999999999999	0	99999999999999999	86.5146831530139
0	99999999999999999	0	99999999999999999	83.30683624801273
1	169	1	305	93.3933933933934
0	99999999999999999	1	360	91.32047477744807
0	99999999999999999	1	599	97.1975806451613
0	99999999999999999	1	420	97.83653846153845
1	161	1	165	85.25132275132275
1	862	1	1020	98.2347328244275
1	173	1	177	93.1985294117647
0	99999999999999999	0	99999999999999999	87.04795597484276
0	99999999999999999	0	99999999999999999	77.47564935064935
0	99999999999999999	1	546	90.37785588752197
0	99999999999999999	0	99999999999999999	88.36989409984872
0	99999999999999999	1	540	94.67329545454544
0	99999999999999999	1	360	70.55016181229773
0	99999999999999999	1	193	93.37899543378995
0	99999999999999999	1	172	85.80402010050251
0	99999999999999999	1	360	93.76770538243625
0	99999999999999999	1	385	94.70338983050847
0	99999999999999999	1	360	99.42018657683339
0	99999999999999999	1	480	80.92751842751842
0	99999999999999999	0	99999999999999999	78.28843106180666
1	116	0	99999999999999999	90.26859504132231
0	99999999999999999	0	99999999999999999	83.35901386748844
0	99999999999999999	1	360	81.31147540983606
0	99999999999999999	1	420	91.17088607594937
0	99999999999999999	1	420	89.73484848484848
0	99999999999999999	1	360	93.24074074074075
1	265	1	269	92.66211604095564
1	269	1	273	95.42785234899328
1	535	1	1759	99.12366797532249
0	99999999999999999	0	99999999999999999	71.04430379746836
0	99999999999999999	1	480	83.0012853470437
0	99999999999999999	0	99999999999999999	82.27411944869831
0	99999999999999999	1	540	88.50000000000001
0	99999999999999999	1	420	89.0151515151515
1	347	1	480	85.43632075471697
1	442	1	446	94.29637526652452
1	194	1	360	81.57679738562092
0	99999999999999999	1	360	96.38278388278388
0	99999999999999999	1	802	97.55139056831923
0	99999999999999999	1	398	97.4514563106796
0	99999999999999999	0	99999999999999999	79.93471582181259
0	99999999999999999	0	99999999999999999	73.0241935483871
0	99999999999999999	0	99999999999999999	84.30894308943088
1	522	1	526	88.68181818181817
1	358	1	660	96.47569444444446
0	99999999999999999	1	360	88.55498721227622
0	99999999999999999	1	360	91.04609929078013
1	135	1	310	94.47852760736195
1	165	1	790	98.16358024691358
0	99999999999999999	1	244	89.25925925925925
1	215	1	219	91.12244897959184
0	99999999999999999	0	99999999999999999	74.3988391376451
0	99999999999999999	1	600	73.82812499999999
0	99999999999999999	1	420	80.48866855524079
1	599	1	603	84.35509554140125
0	99999999999999999	1	284	83.61378205128203
0	99999999999999999	1	360	93.3277027027027
0	99999999999999999	1	360	85.56105610561058
1	140	1	189	94.22619047619047
1	328	1	420	94.97950819672131
0	99999999999999999	1	360	93.16914498141263
0	99999999999999999	1	360	91.45894428152492
0	99999999999999999	0	99999999999999999	77.86290322580645
0	99999999999999999	0	99999999999999999	74.46646341463415
0	99999999999999999	0	99999999999999999	80.05804311774462
0	99999999999999999	0	99999999999999999	89.98062015503876
0	99999999999999999	1	420	83.90092879256964
1	265	1	345	95.24128686327077
1	210	1	360	80.0
1	319	1	323	95.08670520231215
0	99999999999999999	1	420	92.62079831932772
0	99999999999999999	1	409	96.11175115207374
1	2675	1	2704	99.53313804467228
0	99999999999999999	0	99999999999999999	75.04058441558442
0	99999999999999999	0	99999999999999999	80.19480519480518
0	99999999999999999	0	99999999999999999	88.00484652665591
0	99999999999999999	0	99999999999999999	79.56133540372672
1	283	1	420	85.04464285714286
0	99999999999999999	1	420	91.69054441260747
0	99999999999999999	1	360	93.82352941176471
1	221	1	360	94.14715719063544
1	265	1	269	94.73458904109589
0	99999999999999999	1	349	94.1
0	99999999999999999	1	374	95.82286432160804
0	99999999999999999	0	99999999999999999	76.9140625
0	99999999999999999	1	540	84.71916299559471
0	99999999999999999	0	99999999999999999	81.47058823529412
0	99999999999999999	1	420	79.11931818181817
0	99999999999999999	1	420	91.53746770025839
0	99999999999999999	1	148	87.35207100591715
0	99999999999999999	1	289	92.37903225806451
0	99999999999999999	1	360	95.34774436090225
1	343	1	347	95.66532258064517
1	647	1	651	97.74074074074075
0	99999999999999999	1	322	93.06752873563218
0	99999999999999999	0	99999999999999999	72.97520661157024
0	99999999999999999	1	540	83.76344086021506
0	99999999999999999	0	99999999999999999	80.30421216848673
0	99999999999999999	1	360	88.85261194029849
1	174	1	198	88.84529147982063
0	99999999999999999	1	360	91.52542372881355
0	99999999999999999	1	169	90.96153846153847
1	132	1	352	93.6842105263158
1	412	1	416	96.2129840546697
0	99999999999999999	1	360	93.41825902335458
0	99999999999999999	1	299	93.18885448916409
0	99999999999999999	0	99999999999999999	74.77459016393443
0	99999999999999999	0	99999999999999999	80.49450549450549
0	99999999999999999	1	480	83.64427860696517
1	196	1	200	92.351598173516
0	99999999999999999	1	133	80.546875
0	99999999999999999	1	277	84.6947194719472
0	99999999999999999	1	293	91.24605678233439
0	99999999999999999	1	360	94.00134048257371
0	99999999999999999	1	443	96.03723404255318
0	99999999999999999	1	289	93.49369085173501
0	99999999999999999	1	360	98.58851674641149
0	99999999999999999	1	600	76.9031954887218
0	99999999999999999	0	99999999999999999	83.63708399366085
1	263	1	267	85.92150170648463
0	99999999999999999	0	99999999999999999	87.45948136142626
0	99999999999999999	1	360	90.46875
1	232	1	554	95.9698275862069
0	99999999999999999	1	360	85.19021739130436
0	99999999999999999	1	170	87.95103092783505
0	99999999999999999	1	360	97.84757653061224
0	99999999999999999	1	193	77.77777777777779
0	99999999999999999	1	360	98.44728601252609
0	99999999999999999	0	99999999999999999	79.2345276872964
0	99999999999999999	0	99999999999999999	73.81498470948013
0	99999999999999999	1	540	87.42055084745763
0	99999999999999999	1	145	89.0909090909091
0	99999999999999999	1	139	88.45541401273886
1	176	1	190	88.0232558139535
1	294	1	320	96.4546783625731
0	99999999999999999	1	371	92.65075376884421
1	187	1	201	82.74714828897338
1	254	1	349	93.11155913978494
0	99999999999999999	1	320	94.4884726224784
1	408	1	540	85.7981220657277
0	99999999999999999	0	99999999999999999	81.92913385826773
0	99999999999999999	1	420	87.683284457478
0	99999999999999999	1	425	91.05555555555554
0	99999999999999999	1	420	86.37862796833772
0	99999999999999999	1	360	87.96296296296298
0	99999999999999999	1	480	94.24552429667519
0	99999999999999999	1	360	87.1732026143791
0	99999999999999999	1	360	93.93224699828473
1	211	1	225	94.51219512195121
0	99999999999999999	1	360	99.3995633187773
0	99999999999999999	1	660	69.58955223880598
0	99999999999999999	1	360	78.91725352112677
0	99999999999999999	0	99999999999999999	81.07798165137615
0	99999999999999999	1	360	81.97565543071161
0	99999999999999999	1	420	87.38905325443787
1	417	1	421	86.96868008948546
1	164	1	197	92.17342342342342
1	352	1	480	91.3690476190476
1	197	1	201	91.26637554585155
1	270	1	285	89.3545994065282
1	767	1	771	98.52848101265823
0	99999999999999999	0	99999999999999999	73.47359735973596
0	99999999999999999	1	480	83.75307125307125
0	99999999999999999	0	99999999999999999	86.19462025316456
0	99999999999999999	1	420	88.49522292993632
0	99999999999999999	1	480	92.43827160493827
1	214	1	240	90.27237354085604
1	198	1	202	96.33333333333334
1	195	1	199	92.578125
0	99999999999999999	1	202	90.40570175438596
0	99999999999999999	1	360	97.83421284080916
1	299	1	303	93.2898773006135
0	99999999999999999	0	99999999999999999	76.23801916932908
1	408	1	600	86.70262664165105
0	99999999999999999	0	99999999999999999	84.3089430894309
0	99999999999999999	1	360	89.25276752767527
0	99999999999999999	1	360	77.99352750809061
0	99999999999999999	1	173	88.681592039801
0	99999999999999999	1	360	94.7822822822823
0	99999999999999999	1	243	89.71402214022142
0	99999999999999999	1	132	90.33333333333333
0	99999999999999999	1	212	90.29535864978902
1	341	1	420	98.14540059347182
0	99999999999999999	1	480	69.59541062801932
0	99999999999999999	1	660	79.400826446281
0	99999999999999999	0	99999999999999999	79.23761609907122
0	99999999999999999	0	99999999999999999	82.56369426751593
0	99999999999999999	1	433	91.875
0	99999999999999999	1	480	93.73471882640587
0	99999999999999999	1	420	93.68718592964824
0	99999999999999999	1	1029	97.77039848197344
0	99999999999999999	1	360	90.05102040816325
1	192	1	309	93.91791044776119
0	99999999999999999	1	360	98.60876897133221
0	99999999999999999	0	99999999999999999	80.06482982171799
0	99999999999999999	1	480	82.2017766497462
0	99999999999999999	0	99999999999999999	85.72580645161291
0	99999999999999999	0	99999999999999999	84.72633136094674
0	99999999999999999	1	480	84.81280193236715
1	211	1	236	91.80871212121211
1	279	1	420	95.39855072463769
0	99999999999999999	1	360	96.09856262833675
0	99999999999999999	1	360	91.875
0	99999999999999999	1	640	97.56787330316742
0	99999999999999999	1	360	99.73872561439069
0	99999999999999999	0	99999999999999999	77.84000000000002
0	99999999999999999	0	99999999999999999	87.76041666666667
0	99999999999999999	0	99999999999999999	85.74918566775243
1	378	1	382	84.87179487179488
0	99999999999999999	1	660	85.77738515901059
1	191	1	195	89.86650485436896
0	99999999999999999	1	360	87.78688524590164
0	99999999999999999	1	420	96.20273794002608
0	99999999999999999	1	420	93.67443868739207
0	99999999999999999	1	360	96.96888412017168
0	99999999999999999	1	1604	98.95833333333333
0	99999999999999999	0	99999999999999999	78.91268533772653
1	419	1	540	90.42316258351892
0	99999999999999999	0	99999999999999999	80.82942097026604
1	284	1	338	89.86768802228413
0	99999999999999999	1	420	81.32485029940119
0	99999999999999999	1	144	90.2205882352941
0	99999999999999999	1	122	86.08333333333334
0	99999999999999999	1	360	94.75694444444444
0	99999999999999999	1	360	91.88144329896907
1	130	1	145	85.30585106382978
0	99999999999999999	1	167	88.62433862433862
0	99999999999999999	0	99999999999999999	74.89903069466881
0	99999999999999999	0	99999999999999999	79.44
0	99999999999999999	1	540	84.85955056179775
0	99999999999999999	1	360	88.63224637681161
1	524	0	99999999999999999	91.54296875
1	657	1	682	88.6204481792717
1	472	1	600	87.00980392156863
1	365	1	360	93.0379746835443
0	99999999999999999	1	259	90.20390070921987
1	1719	1	1723	98.80714285714286
0	99999999999999999	1	3843	99.511516563147
0	99999999999999999	0	99999999999999999	80.3688524590164
0	99999999999999999	0	99999999999999999	75.70480928689884
0	99999999999999999	1	420	71.93732193732194
0	99999999999999999	0	99999999999999999	80.38827258320127
0	99999999999999999	1	360	75.7013201320132
0	99999999999999999	0	99999999999999999	87.4425727411945
0	99999999999999999	1	360	90.72085889570552
1	597	1	601	96.96969696969697
0	99999999999999999	1	397	96.05882352941177
1	702	1	1270	98.91808346213291
0	99999999999999999	1	360	97.01724137931035
0	99999999999999999	0	99999999999999999	72.7347611202636
0	99999999999999999	0	99999999999999999	70.94383775351014
0	99999999999999999	1	360	86.38392857142857
0	99999999999999999	0	99999999999999999	87.01534733441035
0	99999999999999999	1	360	76.45631067961165
0	99999999999999999	1	360	79.44352159468438
0	99999999999999999	1	360	93.9622641509434
0	99999999999999999	1	239	92.4901185770751
0	99999999999999999	1	480	93.39729119638827
0	99999999999999999	1	286	95.09646302250803
0	99999999999999999	1	360	95.97176079734218
0	99999999999999999	0	99999999999999999	72.72727272727273
0	99999999999999999	0	99999999999999999	75.70480928689884
0	99999999999999999	0	99999999999999999	86.27567140600316
0	99999999999999999	1	600	89.24418604651163
0	99999999999999999	1	480	90.05037783375316
0	99999999999999999	1	308	82.00757575757576
0	99999999999999999	1	244	95.34220532319392
0	99999999999999999	1	360	91.23475609756098
1	317	1	338	97.25694444444446
1	190	1	360	91.14420062695925
1	594	1	598	96.6733870967742
0	99999999999999999	0	99999999999999999	79.20751633986927
0	99999999999999999	0	99999999999999999	80.96723868954759
0	99999999999999999	0	99999999999999999	82.02110389610388
0	99999999999999999	1	360	83.45864661654134
1	196	1	200	91.35044642857143
1	338	1	817	94.99703087885986
0	99999999999999999	1	540	93.81744604316546
1	139	1	143	85.9090909090909
1	124	1	145	87.28197674418604
0	99999999999999999	1	360	92.57493188010899
1	299	1	360	95.02212389380531
0	99999999999999999	0	99999999999999999	79.67741935483872
0	99999999999999999	0	99999999999999999	77.71565495207669
1	421	0	99999999999999999	88.25158227848102
1	446	1	450	90.9329140461216
1	143	1	480	89.6470588235294
0	99999999999999999	1	440	90.23861171366595
1	169	1	354	95.05968169761275
0	99999999999999999	1	159	89.21703296703295
0	99999999999999999	1	267	93.62157534246576
0	99999999999999999	1	335	95.03472222222221
0	99999999999999999	1	138	88.71951219512195
0	99999999999999999	0	99999999999999999	75.38934426229508
0	99999999999999999	1	360	63.551779935275086
0	99999999999999999	0	99999999999999999	83.70607028753993
0	99999999999999999	1	360	82.8397212543554
0	99999999999999999	1	480	91.77382753403933
1	232	1	360	88.99122807017542
1	282	1	286	94.37299035369774
1	246	1	360	91.62280701754385
0	99999999999999999	1	408	94.50934579439253
1	1397	1	1418	98.7551867219917
1	267	1	271	92.97138047138047
0	99999999999999999	1	480	76.55086848635236
0	99999999999999999	0	99999999999999999	71.75273865414711
0	99999999999999999	0	99999999999999999	84.82283464566929
0	99999999999999999	1	360	87.45454545454545
0	99999999999999999	0	99999999999999999	79.25955414012739
1	334	1	338	92.14480874316939
0	99999999999999999	1	264	94.03310104529618
0	99999999999999999	1	124	88.58333333333331
0	99999999999999999	1	695	97.216459197787
1	389	1	393	95.2153110047847
1	391	1	395	95.88305489260144
0	99999999999999999	0	99999999999999999	73.4375
0	99999999999999999	0	99999999999999999	84.7312703583062
0	99999999999999999	0	99999999999999999	83.65542763157895
0	99999999999999999	1	424	83.37053571428571
0	99999999999999999	1	139	89.98447204968944
1	243	1	247	81.61496350364963
0	99999999999999999	1	184	89.63270142180096
1	194	1	420	94.05864197530865
1	140	1	144	93.828125
0	99999999999999999	1	480	98.09100418410041
1	184	1	188	93.16037735849056
0	99999999999999999	1	600	76.49999999999999
0	99999999999999999	1	600	83.78378378378379
0	99999999999999999	1	540	86.04166666666667
0	99999999999999999	0	99999999999999999	83.1060606060606
0	99999999999999999	1	360	76.75438596491229
0	99999999999999999	1	151	87.87202380952381
0	99999999999999999	1	172	93.08510638297874
1	295	1	310	88.47014925373135
0	99999999999999999	1	360	90.81010452961672
1	136	1	149	81.81818181818181
0	99999999999999999	1	420	96.58149171270719
0	99999999999999999	0	99999999999999999	73.92802450229709
0	99999999999999999	0	99999999999999999	86.39312977099237
0	99999999999999999	0	99999999999999999	85.23102310231023
0	99999999999999999	1	420	92.42957746478874
1	163	1	186	86.56542056074767
0	99999999999999999	1	129	89.33333333333334
0	99999999999999999	1	480	86.830900243309
0	99999999999999999	1	212	93.29399141630901
1	420	1	360	95.58498896247241
0	99999999999999999	1	420	88.02710843373495
1	299	1	303	94.47852760736197
0	99999999999999999	0	99999999999999999	77.87190082644628
0	99999999999999999	1	600	84.57185039370077
0	99999999999999999	0	99999999999999999	82.0211038961039
0	99999999999999999	0	99999999999999999	84.83870967741937
0	99999999999999999	1	602	92.18750000000001
1	137	1	360	87.8225806451613
0	99999999999999999	1	163	91.38888888888889
1	209	1	225	93.37349397590361
1	215	1	230	91.43700787401575
1	247	1	262	94.54787234042553
1	165	1	184	92.61904761904762
0	99999999999999999	0	99999999999999999	76.79153094462542
0	99999999999999999	0	99999999999999999	88.75579598145288
0	99999999999999999	0	99999999999999999	86.70127795527155
0	99999999999999999	1	480	87.55787037037038
1	413	1	542	90.70175438596492
0	99999999999999999	1	124	84.69387755102042
0	99999999999999999	1	480	94.28294573643412
0	99999999999999999	1	480	95.27363184079601
0	99999999999999999	1	420	97.4820143884892
0	99999999999999999	1	459	96.14583333333333
0	99999999999999999	1	302	92.44631901840492
0	99999999999999999	0	99999999999999999	79.00793650793652
1	443	1	600	85.52389705882351
0	99999999999999999	0	99999999999999999	86.45666131621189
1	396	1	600	92.53875968992249
0	99999999999999999	1	420	92.66795865633074
0	99999999999999999	1	420	89.85778443113772
0	99999999999999999	1	420	93.20367132867132
0	99999999999999999	1	360	96.52941176470588
0	99999999999999999	1	360	88.35504885993485
1	612	1	616	97.99528301886792
1	246	1	360	91.2320143884892
0	99999999999999999	0	99999999999999999	70.18760195758564
0	99999999999999999	0	99999999999999999	81.20967741935483
0	99999999999999999	1	600	88.75
1	464	1	600	80.66176470588235
0	99999999999999999	1	600	83.14393939393938
0	99999999999999999	1	242	91.3235294117647
0	99999999999999999	1	360	87.03358208955223
1	229	1	242	93.63295880149813
0	99999999999999999	1	339	88.35149863760219
1	484	1	360	96.62735849056602
1	225	1	229	93.96887159533074
0	99999999999999999	0	99999999999999999	83.70607028753994
0	99999999999999999	0	99999999999999999	88.26171875
0	99999999999999999	1	540	85.35645472061657
0	99999999999999999	0	99999999999999999	83.57843137254902
0	99999999999999999	1	420	89.12721893491124
0	99999999999999999	1	480	82.43405275779376
0	99999999999999999	1	360	91.38888888888889
0	99999999999999999	1	360	85.21897810218978
1	186	1	190	93.04906542056075
1	128	1	203	93.83408071748879
0	99999999999999999	1	360	97.96264855687605
1	116	0	99999999999999999	80.39607558139534
0	99999999999999999	0	99999999999999999	88.86623164763459
0	99999999999999999	0	99999999999999999	76.84169278996865
0	99999999999999999	0	99999999999999999	87.89855072463767
0	99999999999999999	1	480	92.20779220779222
0	99999999999999999	1	326	95.62861271676302
0	99999999999999999	1	360	87.35795454545455
0	99999999999999999	1	360	90.23569023569024
0	99999999999999999	1	428	90.36975717439293
1	127	1	169	92.6923076923077
0	99999999999999999	1	360	98.09484649122807
0	99999999999999999	0	99999999999999999	71.69003115264798
0	99999999999999999	0	99999999999999999	73.4274193548387
0	99999999999999999	0	99999999999999999	86.02941176470588
0	99999999999999999	1	371	78.57142857142857
0	99999999999999999	1	540	85.16281512605043
0	99999999999999999	1	480	94.5201421800948
1	133	1	426	96.66850220264318
0	99999999999999999	1	360	81.16007194244604
0	99999999999999999	1	360	95.84263392857143
1	286	1	299	94.94598765432097
0	99999999999999999	1	360	97.84391534391534
0	99999999999999999	1	600	72.00875486381322
0	99999999999999999	0	99999999999999999	76.17124394184168
0	99999999999999999	1	600	76.14942528735634
0	99999999999999999	1	480	87.61764705882354
0	99999999999999999	1	600	91.61208151382824
0	99999999999999999	1	480	91.50390625
0	99999999999999999	1	360	82.06168831168833
0	99999999999999999	1	420	96.12171837708831
0	99999999999999999	1	360	94.34931506849315
1	226	1	240	94.44962686567165
1	150	1	154	89.16666666666667
0	99999999999999999	0	99999999999999999	72.37704918032787
0	99999999999999999	0	99999999999999999	77.67710049423393
0	99999999999999999	1	480	85.79268292682929
1	632	1	646	88.50210970464134
1	119	1	195	90.80717488789237
1	209	1	213	94.29460580912863
1	590	1	594	96.20176848874597
0	99999999999999999	1	220	89.52429149797571
0	99999999999999999	1	309	95.77095808383234
1	642	1	646	97.12109955423477
0	99999999999999999	1	124	89.08333333333334
0	99999999999999999	1	600	82.91984732824427
0	99999999999999999	1	420	81.8620178041543
0	99999999999999999	0	99999999999999999	77.76532137518684
0	99999999999999999	1	360	88.91342756183745
0	99999999999999999	1	360	90.74324324324326
0	99999999999999999	1	360	94.99434389140272
0	99999999999999999	1	420	93.90581717451524
1	129	1	133	85.7371794871795
0	99999999999999999	1	360	96.97080291970804
1	130	1	360	95.15993265993266
0	99999999999999999	1	360	97.23950233281494
0	99999999999999999	0	99999999999999999	76.9485903814262
0	99999999999999999	0	99999999999999999	79.99188311688312
0	99999999999999999	0	99999999999999999	88.87578616352202
0	99999999999999999	1	360	67.41071428571429
0	99999999999999999	1	360	87.7177700348432
1	262	1	420	92.64084507042253
1	140	1	144	86.98830409356725
0	99999999999999999	1	480	96.66666666666666
0	99999999999999999	1	242	93.44795539033457
0	99999999999999999	1	481	95.24999999999999
0	99999999999999999	0	99999999999999999	75.5794701986755
0	99999999999999999	1	360	88.51851851851852
0	99999999999999999	1	360	79.3956043956044
1	195	0	99999999999999999	90.96880131362889
0	99999999999999999	1	209	88.67521367521367
1	431	1	487	89.74802371541503
0	99999999999999999	1	420	89.76700251889169
0	99999999999999999	1	360	96.46126760563381
0	99999999999999999	1	360	94.67592592592592
1	282	1	296	94.07894736842105
1	386	1	417	96.58577878103837
0	99999999999999999	0	99999999999999999	70.72968490878938
0	99999999999999999	0	99999999999999999	77.96474358974359
0	99999999999999999	0	99999999999999999	80.31426553672317
0	99999999999999999	1	660	89.54081632653062
0	99999999999999999	1	203	88.80434782608695
0	99999999999999999	1	420	89.17638483965014
1	143	1	603	95.96645367412141
0	99999999999999999	1	360	91.76136363636364
0	99999999999999999	1	195	92.35159817351598
1	495	1	656	98.6627043090639
0	99999999999999999	1	420	98.66468842729971
0	99999999999999999	0	99999999999999999	84.61065573770492
0	99999999999999999	0	99999999999999999	80.83745874587457
0	99999999999999999	1	360	79.006968641115
0	99999999999999999	1	480	78.0246913580247
0	99999999999999999	1	660	87.32847341337907
0	99999999999999999	1	360	92.22222222222223
1	184	1	188	94.02439024390243
1	193	1	197	87.27168949771689
0	99999999999999999	1	279	94.43521594684385
0	99999999999999999	1	420	95.83333333333334
0	99999999999999999	1	360	99.56102225312935
0	99999999999999999	0	99999999999999999	76.82333873581848
0	99999999999999999	0	99999999999999999	75.55643879173292
1	129	1	133	74.13563829787235
1	226	1	360	92.85037878787878
0	99999999999999999	1	420	93.07266009852216
0	99999999999999999	1	420	93.87052341597797
0	99999999999999999	1	221	90.50632911392405
0	99999999999999999	1	360	97.32676224611707
0	99999999999999999	1	277	91.3907284768212
0	99999999999999999	1	360	97.01344936708861
0	99999999999999999	1	1644	99.13870581186337
0	99999999999999999	0	99999999999999999	76.3157894736842
0	99999999999999999	1	600	80.07884972170686
0	99999999999999999	0	99999999999999999	83.62903225806451
0	99999999999999999	1	360	87.40601503759399
0	99999999999999999	1	184	84.80603448275862
0	99999999999999999	1	362	84.81432360742706
1	184	1	199	92.65695067264575
1	218	1	222	89.24999999999999
1	135	1	148	90.85714285714286
1	322	1	360	94.52005730659026
1	202	1	218	83.92857142857142
0	99999999999999999	0	99999999999999999	84.27033492822967
1	252	1	256	88.28413284132841
0	99999999999999999	1	480	88.84615384615385
0	99999999999999999	1	545	90.92495636998254
1	194	1	198	92.1875
0	99999999999999999	1	360	86.3918439716312
1	238	1	360	90.22556390977444
0	99999999999999999	1	192	90.67073170731707
0	99999999999999999	1	143	87.12121212121212
0	99999999999999999	1	360	94.71649484536081
0	99999999999999999	1	158	92.15277777777777
0	99999999999999999	1	540	72.9875283446712
0	99999999999999999	0	99999999999999999	79.87459546925565
1	243	1	247	85.84558823529412
0	99999999999999999	0	99999999999999999	81.36398176291793
1	460	1	600	91.51785714285714
1	188	1	192	93.50490196078432
0	99999999999999999	1	360	90.83601286173632
0	99999999999999999	1	360	95.52935943060498
1	136	1	156	90.08152173913042
1	195	1	213	91.17021276595746
1	248	1	252	94.2481884057971
0	99999999999999999	0	99999999999999999	76.05122324159022
0	99999999999999999	1	360	82.42574257425741
0	99999999999999999	1	544	87.34595070422536
0	99999999999999999	0	99999999999999999	79.87321711568939
0	99999999999999999	1	420	91.58309455587393
0	99999999999999999	1	360	90.31791907514452
1	307	1	360	90.990990990991
1	371	1	480	95.00564334085779
0	99999999999999999	1	194	91.49774774774775
1	1253	1	1444	99.01293396868618
0	99999999999999999	1	360	94.99999999999999
0	99999999999999999	0	99999999999999999	66.71949286846277
0	99999999999999999	1	600	78.60623781676412
0	99999999999999999	1	296	92.16772151898735
0	99999999999999999	1	339	89.73214285714288
0	99999999999999999	1	600	87.09905660377359
1	235	1	600	93.13725490196077
0	99999999999999999	1	195	92.44186046511628
0	99999999999999999	1	294	95.78125
1	180	1	297	94.04024767801859
1	259	1	263	94.15807560137456
1	155	1	159	90.7967032967033
0	99999999999999999	0	99999999999999999	77.27272727272727
0	99999999999999999	0	99999999999999999	80.4296875
0	99999999999999999	0	99999999999999999	79.03225806451613
0	99999999999999999	1	543	85.61072056239017
0	99999999999999999	1	134	89.83870967741936
1	120	1	124	86.986301369863
0	99999999999999999	1	455	95.95744680851064
0	99999999999999999	1	168	87.3076923076923
1	289	1	339	96.56593406593407
0	99999999999999999	1	360	94.9074074074074
0	99999999999999999	1	1034	98.59004739336494
0	99999999999999999	0	99999999999999999	73.78700657894737
1	424	1	428	93.08333333333333
0	99999999999999999	0	99999999999999999	76.56758957654722
0	99999999999999999	0	99999999999999999	86.3467261904762
0	99999999999999999	1	360	79.24917491749174
1	210	1	360	89.53389830508475
1	269	1	360	92.57936507936508
1	155	1	168	93.45854922279791
0	99999999999999999	1	360	97.91416566626651
1	580	1	604	97.23101265822785
1	2844	1	2879	99.26875430144527
0	99999999999999999	0	99999999999999999	79.8062015503876
0	99999999999999999	0	99999999999999999	72.97520661157026
0	99999999999999999	0	99999999999999999	74.09305993690853
1	419	1	540	74.24665178571428
0	99999999999999999	1	360	83.60726643598616
0	99999999999999999	1	360	84.87288135593221
0	99999999999999999	1	360	91.66666666666666
0	99999999999999999	1	144	90.60606060606061
0	99999999999999999	1	360	97.50479846449137
0	99999999999999999	1	124	93.13380281690141
0	99999999999999999	1	890	98.10109289617485
0	99999999999999999	0	99999999999999999	63.74074074074073
0	99999999999999999	0	99999999999999999	80.34591194968553
0	99999999999999999	1	420	82.47578692493947
0	99999999999999999	1	184	85.35539215686273
0	99999999999999999	1	173	86.48989898989899
0	99999999999999999	1	360	94.28453947368422
0	99999999999999999	1	420	91.59891598915989
1	235	1	360	90.6021897810219
0	99999999999999999	1	360	97.90589451913132
0	99999999999999999	1	420	95.63630041724618
0	99999999999999999	1	203	94.46271929824562
1	440	1	600	92.24624060150377
1	715	1	719	87.5669344042838
0	99999999999999999	0	99999999999999999	84.90415335463258
1	222	1	360	87.5925925925926
0	99999999999999999	1	196	84.6244131455399
0	99999999999999999	1	360	94.71153846153847
1	349	1	353	94.15540540540542
1	196	1	200	90.2199074074074
1	133	1	137	86.12804878048782
1	308	1	312	94.91839762611275
1	115	1	464	95.83333333333333
0	99999999999999999	0	99999999999999999	70.26359143327842
0	99999999999999999	0	99999999999999999	80.32591414944356
0	99999999999999999	0	99999999999999999	86.23366013071896
0	99999999999999999	1	480	95.11278195488721
0	99999999999999999	1	396	94.12470023980816
0	99999999999999999	1	420	86.98630136986301
0	99999999999999999	1	420	86.13505747126436
0	99999999999999999	1	360	93.30204778156995
1	189	1	220	90.98039215686275
1	194	1	218	94.15938864628822
0	99999999999999999	1	3634	99.73972602739725
0	99999999999999999	1	360	75.7013201320132
0	99999999999999999	0	99999999999999999	82.38552437223044
0	99999999999999999	0	99999999999999999	85.52737520128825
1	444	1	448	88.4453781512605
1	187	1	200	91.66666666666666
0	99999999999999999	1	420	94.4108761329305
0	99999999999999999	1	420	93.61702127659575
1	129	1	133	71.51015228426397
0	99999999999999999	1	360	93.22916666666666
1	355	1	359	95.98563968668408
0	99999999999999999	1	129	88.80718954248366
0	99999999999999999	0	99999999999999999	79.96870109546165
0	99999999999999999	1	250	89.54545454545455
0	99999999999999999	1	660	86.64383561643835
0	99999999999999999	1	441	94.46544276457884
0	99999999999999999	1	284	91.85855263157893
1	138	1	142	90.09146341463415
1	205	1	360	95.83333333333333
1	180	1	184	93.23170731707317
1	702	1	706	97.32629427792915
0	99999999999999999	1	360	98.19868995633188
1	928	1	946	94.86673247778876
0	99999999999999999	1	600	84.0370018975332
0	99999999999999999	0	99999999999999999	70.99923430321593
0	99999999999999999	0	99999999999999999	87.0585874799358
0	99999999999999999	1	360	86.2915407854985
1	163	1	167	90.60810810810811
0	99999999999999999	1	540	90.91836734693878
0	99999999999999999	1	360	82.1629213483146
0	99999999999999999	1	128	88.91666666666667
1	161	1	273	94.89795918367348
0	99999999999999999	1	197	91.18303571428572
1	407	1	411	96.36727688787184
0	99999999999999999	0	99999999999999999	79.53047775947283
0	99999999999999999	1	480	88.50364963503651
0	99999999999999999	0	99999999999999999	86.71370967741936
0	99999999999999999	1	540	91.87231759656653
0	99999999999999999	1	540	85.738416988417
1	181	1	195	87.72935779816513
1	442	1	446	87.52637130801688
0	99999999999999999	1	360	92.63059701492536
0	99999999999999999	1	360	89.87068965517241
0	99999999999999999	1	399	91.29784688995215
1	235	1	360	92.52767527675276
0	99999999999999999	1	600	78.02457466918715
0	99999999999999999	0	99999999999999999	79.10569105691057
0	99999999999999999	0	99999999999999999	85.70061255742726
1	151	1	155	72.32142857142857
0	99999999999999999	1	600	89.46869070208729
0	99999999999999999	1	376	93.1645569620253
0	99999999999999999	1	360	90.77946768060836
0	99999999999999999	1	360	94.04296875
0	99999999999999999	1	166	90.64136125654449
0	99999999999999999	1	360	94.2904135338346
1	319	1	420	96.08695652173913
0	99999999999999999	0	99999999999999999	75.5700325732899
0	99999999999999999	0	99999999999999999	74.72044728434506
0	99999999999999999	0	99999999999999999	86.37459807073955
0	99999999999999999	1	540	88.50896860986546
0	99999999999999999	1	612	94.70472440944881
1	189	1	213	82.59615384615384
1	194	1	360	92.619926199262
0	99999999999999999	1	578	96.12996688741721
1	235	1	312	93.0223880597015
1	136	1	159	93.41032608695653
0	99999999999999999	1	360	96.98275862068965
0	99999999999999999	0	99999999999999999	75.97962382445141
0	99999999999999999	1	480	93.88173302107728
0	99999999999999999	1	600	91.87734082397004
0	99999999999999999	1	480	90.99045346062053
0	99999999999999999	1	199	91.55555555555556
0	99999999999999999	1	660	87.60757314974181
0	99999999999999999	1	480	95.04257907542579
1	246	1	360	91.12627986348122
0	99999999999999999	1	540	96.01833976833976
0	99999999999999999	1	292	94.18512658227849
0	99999999999999999	1	420	94.86009732360097
0	99999999999999999	0	99999999999999999	71.38157894736841
0	99999999999999999	0	99999999999999999	82.96925566343042
0	99999999999999999	1	243	82.14980544747081
0	99999999999999999	1	420	85.24774774774774
1	363	1	367	89.33544303797468
0	99999999999999999	1	360	92.9553264604811
0	99999999999999999	1	360	93.08252427184466
0	99999999999999999	1	548	93.29427083333334
1	939	1	360	97.88441692466459
0	99999999999999999	1	360	93.90337423312884
1	240	1	244	92.67723880597016
0	99999999999999999	0	99999999999999999	76.56765676567657
0	99999999999999999	0	99999999999999999	75.27173913043477
1	527	0	99999999999999999	85.80371567043619
1	532	0	99999999999999999	88.13266871165645
1	445	1	449	87.3157894736842
0	99999999999999999	1	360	95.4441391941392
1	156	1	501	98.30426356589147
1	200	1	204	89.65517241379308
1	214	1	218	91.61458333333333
1	654	1	658	97.8862973760933
1	164	1	168	91.64438502673796
0	99999999999999999	0	99999999999999999	76.86128526645768
0	99999999999999999	0	99999999999999999	81.03305785123968
0	99999999999999999	1	480	85.86561743341404
0	99999999999999999	0	99999999999999999	84.04684975767367
0	99999999999999999	1	360	90.23297491039426
0	99999999999999999	1	420	96.32616487455196
0	99999999999999999	1	480	88.58024691358025
1	230	1	234	91.8269230769231
1	339	1	357	95.68850267379678
0	99999999999999999	1	360	96.45683453237409
0	99999999999999999	1	360	98.43749999999999
0	99999999999999999	1	360	69.47194719471948
0	99999999999999999	1	600	74.78853383458647
0	99999999999999999	1	420	93.01861702127661
0	99999999999999999	1	540	82.23830734966592
0	99999999999999999	1	480	89.66216216216216
1	335	1	364	94.00773195876288
1	219	1	223	92.30769230769232
0	99999999999999999	1	360	93.79629629629629
1	159	1	163	76.95652173913045
0	99999999999999999	1	383	97.22222222222221
0	99999999999999999	1	360	98.52867830423939
0	99999999999999999	0	99999999999999999	79.5602605863192
0	99999999999999999	0	99999999999999999	81.05500821018063
0	99999999999999999	0	99999999999999999	78.76344086021506
0	99999999999999999	1	660	84.08119658119658
0	99999999999999999	1	660	93.43415007656968
0	99999999999999999	1	420	92.70304568527919
0	99999999999999999	1	360	86.62037037037038
0	99999999999999999	1	214	93.82978723404254
0	99999999999999999	1	600	97.71067415730337
0	99999999999999999	1	764	97.71863117870723
0	99999999999999999	1	360	98.23778195488723
0	99999999999999999	0	99999999999999999	74.95860927152319
0	99999999999999999	1	660	87.47779751332149
1	455	1	459	86.60164271047228
0	99999999999999999	0	99999999999999999	85.61282467532467
0	99999999999999999	0	99999999999999999	87.31854838709675
0	99999999999999999	1	360	90.94202898550725
0	99999999999999999	1	420	97.22222222222223
0	99999999999999999	1	351	94.42970822281166
1	311	1	315	96.58088235294117
0	99999999999999999	1	420	93.08194774346794
0	99999999999999999	1	360	93.47426470588235
0	99999999999999999	0	99999999999999999	70.45454545454544
0	99999999999999999	0	99999999999999999	80.71086261980831
0	99999999999999999	1	480	84.08816425120773
0	99999999999999999	1	252	84.85663082437276
0	99999999999999999	0	99999999999999999	89.42448680351906
0	99999999999999999	1	169	91.17268041237114
1	147	1	151	93.12865497076022
0	99999999999999999	1	360	94.61009174311926
1	158	1	162	73.91304347826087
0	99999999999999999	1	420	92.56042296072508
1	356	1	360	96.93271767810026
0	99999999999999999	0	99999999999999999	79.10569105691057
0	99999999999999999	1	660	85.47473867595818
0	99999999999999999	1	600	77.78041825095058
1	183	1	217	90.37656903765689
0	99999999999999999	1	360	81.98398576512456
0	99999999999999999	1	480	92.15561224489797
1	159	1	163	73.69565217391305
0	99999999999999999	1	360	90.95833333333333
1	256	1	277	95.93120805369128
1	1637	1	1641	99.09855769230768
0	99999999999999999	1	360	98.4020310633214
0	99999999999999999	0	99999999999999999	86.10887096774194
0	99999999999999999	0	99999999999999999	83.50722311396467
0	99999999999999999	1	660	80.15350877192982
0	99999999999999999	1	540	87.16666666666666
1	410	1	540	88.13606194690264
1	192	1	218	89.84716157205241
0	99999999999999999	1	249	86.85661764705883
0	99999999999999999	1	360	89.6678966789668
0	99999999999999999	1	360	92.08603896103895
0	99999999999999999	1	360	91.99526813880126
1	372	1	360	95.72674418604652
0	99999999999999999	0	99999999999999999	86.36544585987261
0	99999999999999999	1	480	73.75
1	453	0	99999999999999999	89.06746031746033
0	99999999999999999	1	480	92.01306413301663
0	99999999999999999	1	360	93.40277777777777
0	99999999999999999	1	420	92.98192771084338
1	174	1	360	95.4090909090909
0	99999999999999999	1	634	95.2172256097561
1	210	1	214	93.29004329004329
0	99999999999999999	1	163	89.18918918918918
0	99999999999999999	1	238	93.60576923076923
0	99999999999999999	0	99999999999999999	82.15447154471545
0	99999999999999999	0	99999999999999999	82.5516693163752
0	99999999999999999	1	390	87.43827160493828
0	99999999999999999	1	600	88.97637795275591
1	433	0	99999999999999999	86.455047318612
1	362	1	360	91.7620865139949
0	99999999999999999	1	360	89.98226950354609
0	99999999999999999	1	420	94.31532663316582
0	99999999999999999	1	420	96.71552660152008
1	248	1	360	92.05776173285197
1	497	1	566	98.23853989813242
0	99999999999999999	0	99999999999999999	70.49114331723027
0	99999999999999999	1	540	81.99339207048459
0	99999999999999999	1	420	90.50802139037434
0	99999999999999999	1	360	90.69343065693431
0	99999999999999999	1	163	89.97252747252746
0	99999999999999999	1	312	91.5929203539823
0	99999999999999999	1	360	93.02120141342758
0	99999999999999999	1	480	94.18257756563246
0	99999999999999999	1	184	86.96172248803828
0	99999999999999999	1	183	89.13834951456312
1	184	1	188	75.63229571984436
0	99999999999999999	0	99999999999999999	79.61693548387096
0	99999999999999999	0	99999999999999999	76.50577557755777
0	99999999999999999	0	99999999999999999	83.6248012718601
0	99999999999999999	0	99999999999999999	86.32619439868205
0	99999999999999999	1	417	96.64564220183486
1	360	1	480	88.37209302325581
1	230	1	234	84.07939189189189
0	99999999999999999	1	360	94.25207756232687
0	99999999999999999	1	140	85.51829268292681
1	389	1	393	96.7233009708738
0	99999999999999999	1	360	98.0888429752066
0	99999999999999999	0	99999999999999999	84.57578253706754
0	99999999999999999	0	99999999999999999	72.14052287581698
1	193	1	600	95.43147208121827
0	99999999999999999	0	99999999999999999	83.75771604938271
1	207	0	99999999999999999	87.66791044776117
0	99999999999999999	0	99999999999999999	94.81343283582089
1	233	1	360	85.14760147601476
0	99999999999999999	1	226	90.20669291338584
0	99999999999999999	1	360	95.85509138381202
1	266	1	270	94.50503355704697
1	409	1	887	98.2103825136612
0	99999999999999999	0	99999999999999999	70.01221498371335
0	99999999999999999	0	99999999999999999	73.1717011128776
0	99999999999999999	1	612	85.07109004739337
0	99999999999999999	1	540	91.6392543859649
0	99999999999999999	1	660	92.71551724137932
0	99999999999999999	1	190	93.69158878504672
0	99999999999999999	1	420	95.84188911704312
0	99999999999999999	1	360	82.53676470588236
0	99999999999999999	1	241	92.3076923076923
0	99999999999999999	1	360	95.44117647058823
1	195	1	500	95.68225190839695
0	99999999999999999	0	99999999999999999	79.3284789644013
0	99999999999999999	0	99999999999999999	91.91176470588235
0	99999999999999999	1	360	81.13957597173143
0	99999999999999999	0	99999999999999999	88.18466353677623
0	99999999999999999	1	660	90.15544041450778
1	386	1	390	88.737922705314
1	239	1	360	82.41935483870968
1	549	1	553	97.06390328151986
0	99999999999999999	1	152	88.68055555555557
1	1453	1	1468	98.7633689839572
0	99999999999999999	1	187	91.30952380952381
0	99999999999999999	0	99999999999999999	70.89968152866243
0	99999999999999999	0	99999999999999999	77.35887096774192
0	99999999999999999	1	667	82.1067821067821
0	99999999999999999	1	660	86.50442477876105
0	99999999999999999	0	99999999999999999	85.15267175572518
0	99999999999999999	1	360	88.01115241635688
1	313	1	360	89.62536023054754
1	191	1	360	92.26851851851853
0	99999999999999999	1	159	90.1243093922652
0	99999999999999999	1	420	94.60455764075067
0	99999999999999999	1	360	97.44550408719346
0	99999999999999999	1	660	76.97715289982426
0	99999999999999999	1	143	82.45481927710844
0	99999999999999999	0	99999999999999999	75.47770700636943
0	99999999999999999	0	99999999999999999	82.9173166926677
0	99999999999999999	1	309	84.6969696969697
0	99999999999999999	1	341	91.35416666666667
0	99999999999999999	1	360	95.25440313111547
0	99999999999999999	1	360	90.73426573426573
1	114	1	128	90.48387096774194
0	99999999999999999	1	360	92.00487012987013
0	99999999999999999	1	124	90.46762589928058
0	99999999999999999	0	99999999999999999	77.26151315789473
0	99999999999999999	0	99999999999999999	81.10944527736133
0	99999999999999999	1	600	92.00581395348837
0	99999999999999999	1	498	90.37547528517109
0	99999999999999999	1	540	94.42904656319291
0	99999999999999999	1	360	93.31180811808119
0	99999999999999999	1	360	92.53731343283583
1	155	1	198	93.58407079646018
0	99999999999999999	1	169	90.57486631016043
0	99999999999999999	1	360	94.66911764705881
0	99999999999999999	1	673	97.40329512893983
0	99999999999999999	0	99999999999999999	73.59126984126983
0	99999999999999999	1	600	85.47297297297297
0	99999999999999999	0	99999999999999999	74.59807073954984
0	99999999999999999	1	600	85.96789883268484
0	99999999999999999	1	420	91.96185286103542
0	99999999999999999	1	600	92.53838771593091
1	134	1	600	96.11842105263158
1	239	1	360	82.5
1	164	1	639	97.03898050974513
0	99999999999999999	1	196	91.79864253393664
0	99999999999999999	1	360	99.53571428571428
0	99999999999999999	0	99999999999999999	70.9364686468647
0	99999999999999999	1	480	79.08476658476658
0	99999999999999999	1	360	84.81818181818183
0	99999999999999999	0	99999999999999999	86.3349131121643
0	99999999999999999	1	540	90.13586956521738
0	99999999999999999	1	307	88.0223880597015
0	99999999999999999	1	420	93.59177215189872
1	214	1	241	89.18685121107268
0	99999999999999999	1	674	97.77936962750717
0	99999999999999999	1	360	97.42317541613316
0	99999999999999999	1	1890	99.38320209973753
0	99999999999999999	0	99999999999999999	68.65443425076454
0	99999999999999999	1	360	87.4074074074074
0	99999999999999999	1	360	91.42491467576792
1	250	1	639	92.87536443148689
0	99999999999999999	1	389	87.07212713936431
0	99999999999999999	1	208	94.0
1	217	1	221	87.39495798319328
1	324	1	328	94.94301994301995
0	99999999999999999	1	128	93.58333333333333
0	99999999999999999	1	360	94.49910554561718
1	776	1	1325	98.73148148148147
