早期検知したか	早期検知時刻	デッドラインミスが発生したか	デッドラインミス時刻	平均CPU利用率
0	99999999999999999	1	360	89.00000000000001
0	99999999999999999	1	600	86.86224489795919
1	484	1	488	86.89407540394973
1	155	1	179	84.23672566371681
0	99999999999999999	1	394	86.22630331753555
0	99999999999999999	0	99999999999999999	81.62358642972536
1	448	1	540	86.2401185770751
0	99999999999999999	0	99999999999999999	82.54211332312406
0	99999999999999999	0	99999999999999999	86.9885433715221
0	99999999999999999	1	590	87.45921696574224
1	218	1	222	85.78629032258065
1	165	1	169	87.81725888324873
0	99999999999999999	0	99999999999999999	83.75771604938271
0	99999999999999999	0	99999999999999999	87.41776315789475
0	99999999999999999	0	99999999999999999	82.54560530679936
0	99999999999999999	1	247	82.04633204633204
0	99999999999999999	1	122	85.79931972789115
0	99999999999999999	1	204	84.41235059760956
1	293	1	311	86.31944444444444
0	99999999999999999	1	170	87.88461538461537
0	99999999999999999	1	306	86.51515151515152
0	99999999999999999	1	360	82.86870503597122
0	99999999999999999	1	394	88.57991360691145
0	99999999999999999	0	99999999999999999	87.90584415584416
0	99999999999999999	1	548	87.78211805555557
1	522	1	526	83.49184782608695
0	99999999999999999	1	360	89.1796875
0	99999999999999999	1	197	87.78409090909089
0	99999999999999999	1	360	82.37410071942446
0	99999999999999999	0	99999999999999999	80.17515923566879
0	99999999999999999	1	360	87.27517985611512
1	342	1	420	87.56157635467979
0	99999999999999999	1	390	84.45048309178745
0	99999999999999999	1	371	83.5427135678392
0	99999999999999999	1	195	87.2863247863248
1	295	1	337	80.33950617283949
0	99999999999999999	0	99999999999999999	81.14886731391584
0	99999999999999999	1	312	87.71186440677965
0	99999999999999999	1	360	80.27003484320556
1	244	1	251	84.24603174603175
0	99999999999999999	1	204	88.96739130434783
0	99999999999999999	1	441	84.77224576271186
0	99999999999999999	0	99999999999999999	82.33229329173167
0	99999999999999999	1	360	87.89893617021276
1	513	1	517	89.0625
0	99999999999999999	1	360	89.58333333333333
0	99999999999999999	1	136	81.38736263736264
0	99999999999999999	1	514	89.40677966101694
1	337	1	341	84.81012658227849
0	99999999999999999	1	305	86.3185975609756
0	99999999999999999	1	360	89.08179012345678
0	99999999999999999	0	99999999999999999	81.67752442996743
0	99999999999999999	0	99999999999999999	82.43517017828202
0	99999999999999999	1	130	81.21546961325967
1	185	1	189	85.60924369747899
0	99999999999999999	0	99999999999999999	83.44262295081967
0	99999999999999999	1	365	86.53598971722366
1	247	1	251	89.80978260869564
1	509	1	515	81.12068965517243
0	99999999999999999	0	99999999999999999	89.599533437014
0	99999999999999999	1	216	80.73843416370107
0	99999999999999999	0	99999999999999999	81.96656050955413
0	99999999999999999	0	99999999999999999	82.84235668789809
0	99999999999999999	1	360	83.6864406779661
0	99999999999999999	1	263	84.06344410876132
0	99999999999999999	1	138	84.21052631578948
0	99999999999999999	1	188	89.32783018867923
0	99999999999999999	1	636	84.24657534246576
0	99999999999999999	0	99999999999999999	81.12606232294617
0	99999999999999999	1	344	87.91881443298969
0	99999999999999999	0	99999999999999999	80.41322314049587
0	99999999999999999	0	99999999999999999	85.76546003016593
1	277	1	313	89.84604105571847
0	99999999999999999	0	99999999999999999	82.40894039735099
0	99999999999999999	0	99999999999999999	85.95655487804878
1	302	1	306	89.10928143712573
1	360	1	420	88.9511201629328
0	99999999999999999	0	99999999999999999	80.67260940032416
0	99999999999999999	0	99999999999999999	82.83794788273616
0	99999999999999999	0	99999999999999999	85.50451807228916
1	155	1	159	81.45933014354067
0	99999999999999999	1	191	84.28270042194092
0	99999999999999999	0	99999999999999999	82.09677419354838
0	99999999999999999	1	480	85.85199004975124
1	516	1	520	87.56880733944953
1	429	1	540	86.01648351648352
0	99999999999999999	1	209	89.78260869565219
0	99999999999999999	0	99999999999999999	87.78501628664495
0	99999999999999999	0	99999999999999999	81.27952755905513
0	99999999999999999	0	99999999999999999	87.21198156682027
1	361	1	365	83.0829326923077
1	257	1	360	89.58333333333334
0	99999999999999999	1	254	89.72727272727272
0	99999999999999999	0	99999999999999999	83.04278922345483
1	373	1	377	81.83787128712872
0	99999999999999999	1	554	86.94158075601374
0	99999999999999999	1	273	88.41973244147158
0	99999999999999999	1	148	87.42647058823529
0	99999999999999999	0	99999999999999999	81.30182421227197
0	99999999999999999	1	387	87.19806763285024
0	99999999999999999	1	205	87.76371308016877
0	99999999999999999	0	99999999999999999	81.96457326892109
0	99999999999999999	1	480	86.95121951219512
1	178	1	247	82.77777777777777
0	99999999999999999	1	188	89.02582159624413
0	99999999999999999	0	99999999999999999	82.22940226171245
1	295	1	299	89.88853503184714
0	99999999999999999	0	99999999999999999	85.95276872964169
0	99999999999999999	1	260	89.34859154929578
0	99999999999999999	1	137	89.77272727272727
0	99999999999999999	1	549	85.91304347826086
1	668	1	672	87.46542185338866
0	99999999999999999	1	360	81.76424050632912
0	99999999999999999	1	360	82.6388888888889
0	99999999999999999	0	99999999999999999	85.25741029641185
0	99999999999999999	1	360	81.23100303951368
0	99999999999999999	1	150	86.59217877094972
0	99999999999999999	1	315	87.97814207650273
0	99999999999999999	0	99999999999999999	81.2890625
1	286	1	290	87.95833333333334
1	646	1	659	86.20626822157433
0	99999999999999999	1	248	85.3035143769968
0	99999999999999999	0	99999999999999999	83.7893864013267
0	99999999999999999	1	360	89.21755725190839
0	99999999999999999	0	99999999999999999	85.46557120500782
0	99999999999999999	0	99999999999999999	86.7436305732484
0	99999999999999999	1	360	84.94744744744746
0	99999999999999999	1	360	80.79268292682926
0	99999999999999999	1	360	86.96236559139786
0	99999999999999999	1	360	83.98305084745762
1	201	1	205	87.34939759036143
0	99999999999999999	1	494	81.17760617760617
0	99999999999999999	1	276	84.29054054054055
0	99999999999999999	1	448	83.9599609375
0	99999999999999999	1	132	87.74038461538461
0	99999999999999999	1	305	83.2865168539326
0	99999999999999999	1	360	86.31818181818181
0	99999999999999999	1	322	86.9956772334294
0	99999999999999999	1	360	89.93682310469315
1	158	1	162	81.04066985645933
1	305	1	309	88.95958083832336
0	99999999999999999	0	99999999999999999	86.34294385432473
0	99999999999999999	1	360	84.68237704918033
0	99999999999999999	0	99999999999999999	84.26493108728944
0	99999999999999999	1	360	89.49430199430199
0	99999999999999999	0	99999999999999999	87.65867418899859
1	201	1	205	88.71681415929203
0	99999999999999999	1	183	87.67857142857144
0	99999999999999999	0	99999999999999999	83.37398373983739
0	99999999999999999	0	99999999999999999	80.85106382978724
0	99999999999999999	0	99999999999999999	88.37976539589442
0	99999999999999999	1	360	88.18093385214009
0	99999999999999999	1	360	88.10096153846155
0	99999999999999999	1	122	87.67006802721089
0	99999999999999999	0	99999999999999999	80.28225806451611
0	99999999999999999	0	99999999999999999	87.4609375
0	99999999999999999	1	137	83.15217391304348
0	99999999999999999	0	99999999999999999	88.38852988691437
0	99999999999999999	1	544	81.8452380952381
0	99999999999999999	1	499	88.57834507042253
0	99999999999999999	0	99999999999999999	87.10260115606937
0	99999999999999999	1	360	89.09883720930232
0	99999999999999999	1	360	89.96478873239437
0	99999999999999999	1	360	87.66447368421053
0	99999999999999999	1	163	87.16755319148936
0	99999999999999999	0	99999999999999999	82.00325732899022
1	571	0	99999999999999999	88.38478915662651
1	343	1	347	80.94951923076923
0	99999999999999999	1	206	82.53676470588235
0	99999999999999999	0	99999999999999999	88.72324159021409
0	99999999999999999	1	360	85.24734982332156
0	99999999999999999	1	480	87.99019607843137
1	339	1	420	89.90131578947368
0	99999999999999999	1	360	83.46774193548387
0	99999999999999999	1	210	89.05579399141632
0	99999999999999999	1	360	89.72138554216866
0	99999999999999999	1	138	88.87096774193549
1	541	1	545	86.9327731092437
0	99999999999999999	0	99999999999999999	88.46774193548386
1	247	1	360	85.41666666666667
1	191	1	258	88.0
0	99999999999999999	0	99999999999999999	80.04493464052287
0	99999999999999999	1	382	88.58560794044665
0	99999999999999999	1	360	87.05673758865248
0	99999999999999999	1	200	87.08158995815901
1	314	1	420	87.60359116022099
1	205	1	209	84.17602996254682
0	99999999999999999	0	99999999999999999	81.03305785123968
0	99999999999999999	1	542	86.25886524822694
0	99999999999999999	1	360	81.22448979591837
1	664	1	677	81.87757909215956
0	99999999999999999	0	99999999999999999	89.93759750390016
0	99999999999999999	1	324	86.1260053619303
0	99999999999999999	0	99999999999999999	86.96153846153847
0	99999999999999999	0	99999999999999999	86.51639344262296
0	99999999999999999	1	321	85.24709302325583
0	99999999999999999	1	360	80.71546052631578
0	99999999999999999	1	623	86.38147566718995
1	481	1	485	85.72124756335282
1	378	1	382	86.70537897310514
0	99999999999999999	1	334	89.72739361702128
0	99999999999999999	1	184	88.56132075471699
0	99999999999999999	0	99999999999999999	80.3680981595092
0	99999999999999999	0	99999999999999999	83.30645161290322
0	99999999999999999	1	223	86.98308270676691
0	99999999999999999	1	165	89.37823834196892
0	99999999999999999	0	99999999999999999	84.18284789644014
0	99999999999999999	1	186	80.22300469483568
0	99999999999999999	0	99999999999999999	81.03932584269664
1	556	1	560	89.3097643097643
0	99999999999999999	0	99999999999999999	83.98959881129274
1	158	1	190	89.51965065502183
0	99999999999999999	1	360	85.40239726027397
0	99999999999999999	1	206	85.16221374045803
0	99999999999999999	1	362	84.22982885085575
0	99999999999999999	1	488	83.544921875
0	99999999999999999	1	272	88.62876254180603
0	99999999999999999	0	99999999999999999	84.2585089141005
1	664	1	677	80.00356125356126
0	99999999999999999	1	360	88.4952229299363
0	99999999999999999	1	480	87.68292682926827
0	99999999999999999	1	262	86.11111111111111
0	99999999999999999	0	99999999999999999	86.51639344262296
0	99999999999999999	1	360	89.96539792387543
0	99999999999999999	1	360	83.97727272727273
1	237	1	360	88.9090909090909
0	99999999999999999	0	99999999999999999	88.54669887278583
0	99999999999999999	1	483	89.60371819960861
1	131	1	149	80.7549504950495
0	99999999999999999	0	99999999999999999	82.63999999999999
0	99999999999999999	0	99999999999999999	81.30182421227197
0	99999999999999999	1	338	88.2768361581921
1	472	1	476	84.52380952380952
0	99999999999999999	0	99999999999999999	82.18799368088467
0	99999999999999999	0	99999999999999999	85.33088235294117
0	99999999999999999	1	540	89.17386609071275
0	99999999999999999	1	257	81.15325077399382
0	99999999999999999	1	360	88.04909560723513
0	99999999999999999	1	184	83.95270270270271
1	199	1	203	87.2787610619469
1	445	1	454	85.31976744186048
1	277	1	281	89.7983870967742
0	99999999999999999	1	360	86.97916666666667
1	418	1	422	82.52777777777777
0	99999999999999999	0	99999999999999999	81.24031007751937
1	150	1	154	82.1601941747573
0	99999999999999999	0	99999999999999999	85.77786377708978
1	424	1	451	86.14729458917836
1	250	1	360	81.0483870967742
0	99999999999999999	1	360	84.97191011235954
0	99999999999999999	0	99999999999999999	81.2208398133748
0	99999999999999999	1	480	82.95739348370927
0	99999999999999999	1	186	85.07281553398059
0	99999999999999999	1	480	84.36018957345972
0	99999999999999999	1	360	87.80381944444446
1	299	1	360	89.51149425287356
0	99999999999999999	1	187	88.34134615384616
0	99999999999999999	1	300	88.91437308868502
0	99999999999999999	1	143	89.33823529411765
0	99999999999999999	1	169	89.76683937823833
1	374	1	480	85.05569306930694
0	99999999999999999	1	190	89.6889400921659
0	99999999999999999	0	99999999999999999	81.98
0	99999999999999999	0	99999999999999999	81.59557661927332
1	238	1	360	87.11864406779662
1	187	1	200	88.215859030837
0	99999999999999999	0	99999999999999999	80.32520325203252
0	99999999999999999	1	420	87.39316239316238
1	150	1	154	83.69845360824743
0	99999999999999999	0	99999999999999999	87.91248206599712
1	267	1	360	89.29738562091504
0	99999999999999999	0	99999999999999999	80.55555555555556
0	99999999999999999	0	99999999999999999	83.91129032258065
1	662	1	666	87.60901162790697
0	99999999999999999	1	360	87.5408496732026
0	99999999999999999	0	99999999999999999	89.38193343898574
0	99999999999999999	1	420	87.68168604651163
0	99999999999999999	1	133	85.80508474576273
0	99999999999999999	0	99999999999999999	81.91041347626339
1	545	1	571	87.09871589085071
1	233	1	360	83.15573770491804
0	99999999999999999	1	615	87.32394366197182
1	195	1	199	86.6703539823009
1	449	1	457	86.33540372670807
1	284	1	288	88.34808259587021
0	99999999999999999	0	99999999999999999	81.49399399399401
0	99999999999999999	0	99999999999999999	85.92271293375394
0	99999999999999999	0	99999999999999999	89.47160883280758
0	99999999999999999	1	420	86.99494949494951
0	99999999999999999	1	206	85.80786026200873
1	348	1	352	89.81854838709677
1	189	1	193	88.58447488584474
0	99999999999999999	1	440	87.57684426229508
0	99999999999999999	0	99999999999999999	88.97710487444607
0	99999999999999999	0	99999999999999999	86.56351791530943
0	99999999999999999	1	133	83.13253012048193
0	99999999999999999	0	99999999999999999	80.41322314049589
1	362	1	480	89.1057934508816
0	99999999999999999	0	99999999999999999	86.4777618364419
0	99999999999999999	1	203	87.27272727272727
0	99999999999999999	1	191	89.15525114155251
0	99999999999999999	1	340	88.76623376623377
0	99999999999999999	1	129	86.7741935483871
0	99999999999999999	0	99999999999999999	80.51994301994303
0	99999999999999999	0	99999999999999999	82.76422764227642
0	99999999999999999	1	398	89.6816037735849
0	99999999999999999	1	360	89.13043478260869
1	339	1	343	88.25757575757575
0	99999999999999999	1	293	87.109375
0	99999999999999999	0	99999999999999999	84.22098569157394
0	99999999999999999	1	185	89.6039603960396
1	382	1	386	87.531328320802
0	99999999999999999	1	210	88.56382978723404
0	99999999999999999	1	540	83.30745341614906
0	99999999999999999	1	302	88.5258358662614
0	99999999999999999	0	99999999999999999	83.17230273752013
0	99999999999999999	0	99999999999999999	83.38045234248789
1	431	1	468	88.76992031872508
1	196	1	200	82.76022304832713
0	99999999999999999	1	156	86.22881355932203
1	428	1	432	80.61951754385964
0	99999999999999999	1	192	89.79357798165138
0	99999999999999999	1	129	89.79591836734693
0	99999999999999999	0	99999999999999999	83.76369327073553
0	99999999999999999	0	99999999999999999	84.23137876386687
0	99999999999999999	1	420	89.52294685990339
0	99999999999999999	1	424	84.76394849785407
0	99999999999999999	0	99999999999999999	84.76052249637156
1	271	1	275	81.70454545454545
0	99999999999999999	0	99999999999999999	85.25848142164782
1	326	1	362	84.35960591133004
0	99999999999999999	1	176	87.1875
0	99999999999999999	1	660	88.74158249158249
0	99999999999999999	1	237	89.03256704980842
0	99999999999999999	0	99999999999999999	81.62358642972536
0	99999999999999999	0	99999999999999999	81.18022328548645
0	99999999999999999	0	99999999999999999	89.65892597968069
0	99999999999999999	1	314	83.91873278236915
1	216	1	220	86.76470588235294
0	99999999999999999	1	174	81.63716814159292
1	572	1	576	87.39652317880795
0	99999999999999999	0	99999999999999999	84.92537313432837
0	99999999999999999	1	360	81.43382352941177
0	99999999999999999	1	185	89.07004830917874
0	99999999999999999	0	99999999999999999	84.91935483870968
0	99999999999999999	0	99999999999999999	84.45616883116884
0	99999999999999999	0	99999999999999999	85.83724569640063
1	291	1	295	82.87965616045845
0	99999999999999999	1	214	89.46280991735537
0	99999999999999999	1	540	88.11111111111113
0	99999999999999999	1	480	86.86386768447836
1	417	1	436	89.0521064301552
0	99999999999999999	1	198	87.89414414414415
0	99999999999999999	0	99999999999999999	84.55766192733017
0	99999999999999999	1	357	82.58463541666667
0	99999999999999999	1	360	84.2687074829932
0	99999999999999999	0	99999999999999999	80.98360655737706
1	190	1	203	87.39082969432314
0	99999999999999999	0	99999999999999999	80.0580431177446
0	99999999999999999	1	189	89.3107476635514
1	477	1	481	89.49240986717267
1	262	1	360	82.95795795795794
0	99999999999999999	1	376	88.13291139240506
1	148	1	152	82.72251308900525
1	488	1	492	83.9599609375
0	99999999999999999	0	99999999999999999	81.25990491283677
0	99999999999999999	1	360	85.76271186440677
1	286	1	290	87.78135048231512
0	99999999999999999	1	156	86.88858695652175
