早期検知したか	早期検知時刻	デッドラインミスが発生したか	デッドラインミス時刻	平均CPU利用率
1	303	1	307	92.5314465408805
0	99999999999999999	1	360	91.65348101265822
1	230	1	261	94.93838028169014
0	99999999999999999	1	360	96.40522875816994
1	174	1	239	91.52621722846442
1	304	1	312	91.44542772861355
1	273	1	360	92.22301136363636
0	99999999999999999	1	360	93.51114649681527
1	452	1	456	94.41268191268193
1	258	1	360	93.09764309764309
0	99999999999999999	1	397	95.04773269689738
0	99999999999999999	1	320	94.69476744186046
0	99999999999999999	1	384	92.87037037037037
1	309	1	316	96.33875739644971
1	340	1	420	92.4715909090909
0	99999999999999999	1	380	92.77777777777777
0	99999999999999999	1	224	92.55
1	235	1	360	92.89867109634551
1	499	1	480	99.50842696629213
0	99999999999999999	1	258	92.77777777777779
0	99999999999999999	1	303	90.53627760252365
0	99999999999999999	1	534	91.1789297658863
0	99999999999999999	1	360	99.19340774328568
1	321	1	360	97.48134328358208
1	295	1	302	95.75688073394495
0	99999999999999999	1	360	97.46037463976946
0	99999999999999999	1	892	98.13656147986941
0	99999999999999999	1	360	99.41920054663477
0	99999999999999999	1	450	91.71907756813417
0	99999999999999999	1	133	91.27358490566039
1	631	1	635	98.27981651376147
1	1892	1	3463	99.5414158784752
1	196	1	360	95.72649572649573
0	99999999999999999	1	360	95.34817351598173
1	235	1	239	94.12593984962406
0	99999999999999999	1	420	99.14409330323551
1	507	1	511	93.63339552238806
0	99999999999999999	1	415	94.30272108843536
0	99999999999999999	1	468	96.85598377281949
0	99999999999999999	1	155	90.22988505747126
0	99999999999999999	1	360	98.91254578754578
1	222	1	226	92.52988047808765
0	99999999999999999	1	420	96.0565476190476
1	243	1	247	94.36090225563909
0	99999999999999999	1	360	98.78682842287694
0	99999999999999999	1	360	97.51517450682854
1	3614	1	4581	99.63642283481659
0	99999999999999999	1	299	93.359375
0	99999999999999999	1	360	90.60077519379844
0	99999999999999999	1	360	97.63513513513514
1	716	1	420	98.69773210489015
1	232	1	238	90.14522821576762
0	99999999999999999	1	425	91.25000000000001
0	99999999999999999	1	660	92.32772435897436
1	277	1	360	91.97819314641742
0	99999999999999999	1	360	96.62102473498234
0	99999999999999999	1	360	98.33690987124464
1	1531	1	2201	99.56565884476535
0	99999999999999999	1	266	91.37931034482757
1	536	1	600	92.7526595744681
1	182	1	186	90.5940594059406
1	269	1	1300	98.7292921686747
1	344	1	348	95.75342465753425
0	99999999999999999	1	199	90.45758928571428
1	205	1	230	90.89999999999999
1	269	1	336	95.49861495844875
1	163	1	188	92.99065420560748
0	99999999999999999	1	360	97.7043673012318
1	369	1	373	94.23316708229427
0	99999999999999999	1	360	99.6975337366217
0	99999999999999999	1	368	93.1615776081425
1	193	1	197	90.71428571428572
0	99999999999999999	1	420	97.44640605296343
0	99999999999999999	1	267	93.40753424657535
0	99999999999999999	1	420	90.40041067761808
1	191	1	312	93.75000000000001
1	416	1	420	96.93995381062355
1	1020	1	1314	98.49925428784489
0	99999999999999999	1	360	96.20433789954338
0	99999999999999999	1	232	91.45752895752895
1	514	1	518	91.45948434622467
1	585	1	360	93.13008130081303
0	99999999999999999	1	420	96.73410404624278
1	793	1	360	97.4484536082474
1	1583	1	660	99.2919921875
1	194	1	229	91.63346613545818
0	99999999999999999	1	454	94.96822033898306
0	99999999999999999	0	99999999999999999	90.07518796992481
1	491	1	600	90.03759398496241
1	455	1	480	96.60891089108911
0	99999999999999999	1	360	98.20127504553733
0	99999999999999999	1	387	94.73844282238443
0	99999999999999999	1	504	92.22589792060492
0	99999999999999999	1	360	92.59393063583815
1	449	1	453	94.72987288135593
1	458	1	543	98.00531914893618
0	99999999999999999	1	311	93.61940298507463
0	99999999999999999	1	603	94.21850079744816
1	329	1	335	95.69327731092436
0	99999999999999999	1	360	95.18987341772151
1	815	1	819	98.23775388291517
0	99999999999999999	1	509	92.02626641651034
1	222	1	226	93.99606299212599
1	194	1	198	90.34598214285712
0	99999999999999999	1	249	94.25925925925925
1	465	1	660	97.88613303269449
0	99999999999999999	1	360	96.4751958224543
1	475	1	600	96.77650429799426
1	376	1	360	93.39473684210526
1	385	1	401	95.27972027972027
1	226	1	360	91.72354948805462
0	99999999999999999	1	374	91.34615384615385
1	186	1	210	91.68478260869564
1	478	1	480	92.66409266409266
0	99999999999999999	1	360	93.13063063063063
1	334	1	338	95.99719101123596
1	168	1	172	92.09844559585493
1	1050	1	360	99.12863070539419
1	219	1	223	92.58130081300813
0	99999999999999999	1	176	90.6887755102041
1	639	1	643	96.06446776611693
0	99999999999999999	1	360	95.2020202020202
0	99999999999999999	1	250	95.01845018450184
1	1161	1	1165	98.03571428571428
1	177	1	227	92.89215686274511
1	311	1	403	90.83333333333334
0	99999999999999999	1	162	91.10962566844921
0	99999999999999999	1	360	93.17484662576688
1	237	1	360	97.08029197080292
1	300	1	420	96.77002583979328
0	99999999999999999	1	360	99.2183960126869
0	99999999999999999	1	206	93.06167400881058
1	214	1	218	90.97510373443984
1	367	1	371	90.37247474747475
0	99999999999999999	1	342	90.64189189189189
0	99999999999999999	1	772	97.32704402515722
0	99999999999999999	1	244	91.65129151291514
0	99999999999999999	1	360	96.51116427432216
0	99999999999999999	1	471	93.66370808678502
1	730	1	750	94.18945312500001
0	99999999999999999	1	420	92.46031746031746
0	99999999999999999	1	360	92.45867768595042
1	481	1	480	98.34229390681003
0	99999999999999999	1	420	90.00677506775067
1	277	1	360	93.64973262032085
1	217	1	282	93.72977346278317
1	192	1	360	92.81572164948454
1	144	1	626	98.55100463678517
1	180	1	321	96.64017341040463
0	99999999999999999	1	540	93.9678899082569
0	99999999999999999	1	360	97.14656290531777
0	99999999999999999	1	360	95.63492063492063
1	1792	1	1796	97.17828418230563
1	197	1	201	92.37938596491227
0	99999999999999999	1	259	94.55935251798559
1	197	1	249	92.9029304029304
1	175	1	179	91.66666666666667
1	210	1	235	91.08527131782945
1	208	1	212	92.29957805907173
0	99999999999999999	1	333	94.63276836158192
0	99999999999999999	1	360	99.58575581395347
1	317	1	321	92.65759312320915
1	360	1	364	95.8656330749354
1	1632	1	1636	99.22533092659447
0	99999999999999999	1	259	92.03345070422534
1	523	1	527	95.62159709618875
0	99999999999999999	1	197	92.32954545454547
0	99999999999999999	1	195	92.09641255605382
0	99999999999999999	1	576	93.5625
1	467	1	540	95.43499043977056
0	99999999999999999	1	480	90.2374031007752
0	99999999999999999	1	360	91.98630136986301
1	373	1	377	97.04949238578682
1	584	1	588	97.0684039087948
0	99999999999999999	1	225	92.18106995884774
0	99999999999999999	1	335	93.73259052924791
1	201	1	215	90.44117647058823
1	202	1	308	92.24397590361446
1	166	1	170	90.53217821782178
1	223	1	227	94.45564516129032
1	349	1	353	92.30263157894736
1	191	1	195	91.21621621621622
1	333	1	337	92.97945205479452
0	99999999999999999	1	360	95.95070422535211
0	99999999999999999	1	360	99.5435393258427
1	312	1	316	90.16812865497077
0	99999999999999999	1	360	93.37392550143267
1	413	1	360	96.51898734177213
1	279	1	360	94.61206896551724
0	99999999999999999	1	370	98.06937172774869
0	99999999999999999	1	360	99.09567275185937
1	332	1	364	94.63824289405684
1	662	1	660	94.8951048951049
1	184	1	261	94.97330960854094
1	385	1	360	95.41666666666667
0	99999999999999999	1	360	95.15977443609023
1	194	1	251	92.3913043478261
1	248	1	252	92.70446096654275
0	99999999999999999	1	234	90.84302325581396
0	99999999999999999	1	420	94.45364238410596
1	508	1	480	98.25731497418245
0	99999999999999999	1	1673	99.32811577082103
1	253	1	257	90.42452830188678
0	99999999999999999	1	360	90.02403846153847
1	630	1	634	92.6301684532925
1	403	1	480	92.50535331905782
1	251	1	360	93.28947368421052
1	270	1	360	92.52411575562702
0	99999999999999999	1	360	97.67441860465115
1	186	1	190	90.58056872037915
1	173	1	198	90.47085201793723
1	467	1	542	95.08377425044091
0	99999999999999999	1	360	96.5804066543438
0	99999999999999999	1	142	91.3970588235294
1	299	1	303	93.86432926829268
0	99999999999999999	1	230	91.12745098039214
0	99999999999999999	0	99999999999999999	91.27207062600321
0	99999999999999999	1	360	96.23893805309734
1	245	1	249	92.98327137546468
1	218	1	499	96.72675521821633
1	189	1	193	90.8256880733945
0	99999999999999999	1	360	97.98787210584344
0	99999999999999999	1	420	93.03201506591337
0	99999999999999999	1	241	90.83011583011583
1	315	1	360	94.30835734870317
0	99999999999999999	1	269	93.92241379310344
0	99999999999999999	1	663	93.30234159779614
1	415	1	419	95.45711060948082
1	511	1	515	92.7255985267035
0	99999999999999999	1	360	90.34267912772586
0	99999999999999999	1	483	90.01956947162428
1	384	1	420	97.93762575452715
1	250	1	332	95.8806818181818
1	191	1	322	97.86676646706587
0	99999999999999999	1	360	96.47328881469114
1	381	1	385	94.77848101265823
0	99999999999999999	1	371	91.82449494949493
1	387	1	420	94.24126637554585
1	419	1	420	95.36637931034483
0	99999999999999999	1	703	91.42661179698217
0	99999999999999999	1	360	90.9920634920635
1	297	1	360	91.36029411764706
1	329	1	333	95.56338028169013
1	525	1	360	96.16379310344828
0	99999999999999999	1	360	98.01755447941889
0	99999999999999999	1	360	96.8543046357616
1	446	1	450	95.1155462184874
1	347	1	533	97.81250000000001
1	404	1	408	95.79466357308586
0	99999999999999999	1	360	99.58488647915961
0	99999999999999999	1	508	94.54588014981273
0	99999999999999999	1	424	96.38888888888889
0	99999999999999999	1	329	96.34670487106017
0	99999999999999999	1	360	98.87448840381992
0	99999999999999999	1	360	99.0966796875
0	99999999999999999	1	403	92.01306413301663
1	262	1	369	96.39240506329115
1	365	1	369	94.19416243654823
1	236	1	240	96.18055555555554
0	99999999999999999	1	328	94.31179775280899
0	99999999999999999	1	360	95.28546712802769
1	522	1	660	90.22123893805309
1	488	1	492	91.68241965973536
1	421	1	600	92.23684210526316
0	99999999999999999	1	360	94.92718446601941
1	231	1	235	93.77376425855515
1	198	1	223	90.75
0	99999999999999999	1	395	91.43026004728134
1	261	1	360	95.63291139240506
1	741	1	600	98.78744650499286
0	99999999999999999	1	2114	97.82683486238531
0	99999999999999999	1	154	90.625
1	370	1	374	92.375
0	99999999999999999	1	420	94.33734939759037
1	221	1	460	96.77835051546391
1	169	1	173	90.59466019417478
1	438	1	442	95.65334773218143
1	238	1	243	90.14423076923077
1	292	1	360	90.11363636363637
1	499	1	503	97.04198473282443
1	330	1	334	91.43454038997216
1	224	1	228	93.32329317269077
1	292	1	296	93.13271604938271
0	99999999999999999	1	420	96.93298969072166
1	415	1	419	96.5261958997722
0	99999999999999999	1	360	98.33795013850417
0	99999999999999999	1	420	91.05530474040631
0	99999999999999999	1	660	93.38810641627545
1	215	1	219	91.80327868852459
0	99999999999999999	1	311	95.9469696969697
1	205	1	525	96.33152173913042
0	99999999999999999	1	398	91.10520094562648
1	253	1	360	93.48684210526316
0	99999999999999999	1	184	91.87192118226601
0	99999999999999999	1	203	90.68080357142858
1	654	1	360	98.26101928374656
0	99999999999999999	1	360	91.50696864111498
0	99999999999999999	1	195	90.30963302752293
1	316	1	320	93.13936781609195
1	413	1	360	96.10244988864142
0	99999999999999999	1	360	96.1354961832061
1	1217	1	360	97.79411764705883
1	545	1	549	97.23913043478262
0	99999999999999999	1	360	92.38782051282051
0	99999999999999999	1	600	92.36956521739131
0	99999999999999999	1	360	96.6796875
1	275	1	279	95.1086956521739
0	99999999999999999	1	790	97.73838630806847
1	162	1	193	92.97945205479454
0	99999999999999999	1	360	93.78099173553719
1	286	1	360	91.7042042042042
1	131	1	175	93.30357142857143
1	346	1	581	97.81713344316309
1	546	1	579	95.88735818476499
0	99999999999999999	1	585	90.95394736842105
1	385	1	480	93.16825775656324
0	99999999999999999	1	360	93.4976247030879
0	99999999999999999	1	420	98.8127729257642
1	630	1	636	92.00381679389311
0	99999999999999999	1	420	91.15196078431373
1	202	1	206	92.42424242424242
0	99999999999999999	1	432	93.90889830508475
1	644	1	648	97.47399702823179
1	260	1	1899	99.31640625
0	99999999999999999	0	99999999999999999	92.49260355029587
1	273	1	360	93.96024464831802
1	229	1	233	92.47104247104248
1	210	1	255	94.21708185053379
0	99999999999999999	1	360	95.48969072164948
0	99999999999999999	1	420	95.32019704433498
0	99999999999999999	1	318	94.44040697674419
0	99999999999999999	1	254	95.3853046594982
1	417	1	421	95.16853932584269
1	798	1	360	97.01380552220888
0	99999999999999999	1	360	95.46589018302828
0	99999999999999999	1	420	98.64597093791282
1	445	1	496	95.00492125984252
0	99999999999999999	1	602	91.98
0	99999999999999999	1	294	91.05431309904154
1	213	1	360	90.44612794612796
1	354	1	360	93.10126582278482
0	99999999999999999	1	1330	99.11111111111111
1	250	1	425	96.13686534216335
0	99999999999999999	1	264	90.99137931034483
1	196	1	898	98.31263498920087
0	99999999999999999	1	189	92.78169014084506
0	99999999999999999	1	186	91.29672897196261
1	144	1	193	91.6289592760181
0	99999999999999999	1	183	92.875
0	99999999999999999	1	193	93.66359447004608
0	99999999999999999	1	139	92.45283018867924
1	214	1	360	92.92704626334519
1	210	1	214	90.19396551724138
0	99999999999999999	1	129	97.22222222222221
1	168	1	186	93.8690476190476
0	99999999999999999	1	141	93.4748427672956
0	99999999999999999	1	360	98.24723247232473
1	401	1	405	91.5968899521531
1	123	1	176	93.75
1	526	1	530	97.75179856115108
0	99999999999999999	1	360	98.7647804054054
0	99999999999999999	1	360	98.24468085106383
1	505	1	525	91.15217391304348
0	99999999999999999	1	179	92.36453201970444
1	266	1	272	93.32191780821918
1	212	1	216	95.40289256198346
0	99999999999999999	1	754	98.2051282051282
1	198	1	202	97.59615384615384
0	99999999999999999	1	360	96.5956340956341
0	99999999999999999	1	360	98.62794012829652
0	99999999999999999	1	451	93.6046511627907
0	99999999999999999	1	229	94.64285714285714
1	323	1	478	96.47117296222665
0	99999999999999999	1	198	92.73648648648648
0	99999999999999999	1	219	93.35774058577407
1	416	1	420	95.05617977528091
0	99999999999999999	1	204	90.39301310043668
0	99999999999999999	1	244	91.91176470588236
1	379	1	383	95.68014705882354
1	179	1	221	91.07843137254902
1	395	1	399	90.95433255269322
0	99999999999999999	1	188	90.29761904761905
0	99999999999999999	1	420	93.57569721115537
1	265	1	360	92.93664383561642
1	228	1	269	94.44444444444444
0	99999999999999999	1	343	95.88948787061994
0	99999999999999999	0	99999999999999999	90.12841091492778
1	348	1	407	97.7191943127962
1	366	1	420	97.50566893424035
1	715	1	540	99.24339300937767
0	99999999999999999	1	360	98.15436241610738
1	509	1	513	90.29574861367838
0	99999999999999999	1	444	91.14025695931477
0	99999999999999999	1	420	95.45194508009153
0	99999999999999999	1	146	91.78994082840237
0	99999999999999999	1	355	93.41931216931218
1	631	1	360	97.61977886977887
0	99999999999999999	1	360	97.42
0	99999999999999999	1	319	93.40778097982708
1	330	1	334	93.94150417827298
0	99999999999999999	1	360	96.54471544715447
1	245	1	249	93.8425925925926
1	379	1	383	94.30693069306932
0	99999999999999999	1	216	90.09336099585063
1	369	1	480	91.24381188118811
1	298	1	453	95.81600831600831
0	99999999999999999	1	217	90.15624999999999
0	99999999999999999	1	360	99.11953727506426
1	531	1	924	98.43915343915344
0	99999999999999999	0	99999999999999999	90.3970826580227
0	99999999999999999	1	480	90.59210526315789
1	217	1	360	93.20255474452554
0	99999999999999999	1	442	95.95824411134902
1	424	1	420	97.20695970695972
1	1096	1	1100	98.83229537366549
0	99999999999999999	1	498	91.44230769230768
1	319	1	323	92.87790697674417
0	99999999999999999	1	360	96.25
0	99999999999999999	1	420	92.2897196261682
1	435	1	439	94.54301075268818
0	99999999999999999	1	360	95.54992764109983
0	99999999999999999	1	360	99.03974615898464
0	99999999999999999	1	469	91.18852459016395
0	99999999999999999	1	198	90.33333333333333
1	256	1	260	93.39788732394366
0	99999999999999999	1	480	97.2878787878788
0	99999999999999999	1	360	92.40196078431372
0	99999999999999999	1	242	92.17592592592592
1	276	1	360	92.82258064516128
0	99999999999999999	1	360	98.85764499121265
0	99999999999999999	1	360	96.33620689655172
1	251	1	360	90.94076655052265
1	268	1	360	92.52491694352157
1	289	1	306	93.76947040498442
0	99999999999999999	1	360	92.87709497206704
0	99999999999999999	1	414	95.35876993166286
1	351	1	355	94.73684210526315
0	99999999999999999	1	1848	98.99839743589745
0	99999999999999999	1	344	96.32963988919667
1	257	1	360	92.17171717171716
1	1190	1	1194	98.25962325962325
0	99999999999999999	1	581	90.67195325542572
1	365	1	369	95.67550505050505
0	99999999999999999	1	134	93.4375
1	318	1	360	95.95588235294117
1	861	1	1661	99.10237388724036
1	306	1	310	90.28614457831324
0	99999999999999999	1	341	92.97520661157026
0	99999999999999999	1	262	92.09821428571428
1	257	1	360	93.77147766323024
0	99999999999999999	1	360	97.09653092006033
0	99999999999999999	1	360	99.00345622119816
0	99999999999999999	1	360	91.28787878787878
0	99999999999999999	1	286	95.01633986928104
1	684	1	360	98.35987261146497
1	483	1	490	97.09072978303747
0	99999999999999999	1	347	96.16168478260869
0	99999999999999999	1	360	95.49704724409449
0	99999999999999999	1	305	92.56756756756758
1	169	1	176	92.41293532338308
1	310	1	420	92.05994897959184
1	709	1	713	94.5460704607046
0	99999999999999999	1	420	97.86662452591656
1	270	1	274	95.36564625850342
1	377	1	420	95.36340852130326
0	99999999999999999	1	583	95.39473684210526
1	332	1	360	95.6036745406824
1	1222	1	1226	98.3652312599681
0	99999999999999999	1	600	90.54428044280442
1	336	1	340	96.23287671232877
0	99999999999999999	1	314	93.19852941176471
0	99999999999999999	1	360	97.72359913793105
1	230	1	360	95.21513353115728
1	305	1	360	91.7279411764706
0	99999999999999999	1	387	94.3264563106796
1	531	1	537	91.43435251798563
0	99999999999999999	1	375	93.15625
1	320	1	360	94.48390151515152
0	99999999999999999	1	360	94.84924623115577
1	432	1	440	90.90457256461232
0	99999999999999999	1	360	96.01113172541743
0	99999999999999999	0	99999999999999999	94.29307805596466
0	99999999999999999	1	325	94.32803468208091
1	225	1	229	90.50196850393701
1	219	1	223	92.45867768595042
1	365	1	420	98.10802069857698
1	188	1	201	90.13157894736841
0	99999999999999999	1	211	90.17094017094017
1	295	1	360	93.14404432132964
0	99999999999999999	1	360	98.27057793345008
0	99999999999999999	1	360	99.5428531546622
0	99999999999999999	1	183	90.7451923076923
1	291	1	295	92.48417721518987
0	99999999999999999	1	420	94.16454081632654
0	99999999999999999	1	360	98.85312259059367
1	355	1	640	96.16392215568862
0	99999999999999999	1	502	96.88697318007662
0	99999999999999999	1	550	91.9627383015598
0	99999999999999999	1	213	95.24058577405857
0	99999999999999999	1	217	90.85743801652893
0	99999999999999999	1	360	93.19126819126821
1	429	1	454	93.35
0	99999999999999999	1	253	93.9090909090909
1	449	1	453	91.99260042283298
1	275	1	279	93.64617940199336
1	1512	1	360	98.87096774193549
0	99999999999999999	1	360	99.40165061898213
0	99999999999999999	1	202	92.76905829596413
1	255	1	360	92.71885521885521
1	563	1	567	96.26050420168067
0	99999999999999999	1	420	99.2831728756802
0	99999999999999999	1	178	90.5
0	99999999999999999	1	360	98.06670602125148
0	99999999999999999	1	250	90.95454545454547
1	434	1	443	95.22532188841203
1	254	1	423	96.86800894854586
0	99999999999999999	1	343	95.99184782608695
1	230	1	234	92.93269230769232
1	401	1	405	93.85103926096997
1	454	1	360	94.64651639344264
1	253	1	360	90.30249110320284
0	99999999999999999	1	424	93.63938053097343
0	99999999999999999	1	285	92.73538961038962
0	99999999999999999	1	266	90.20034843205575
1	582	1	586	97.94745484400657
0	99999999999999999	1	348	95.95588235294119
1	4687	1	4882	99.60285132382893
