早期検知したか	早期検知時刻	デッドラインミスが発生したか	デッドラインミス時刻	平均CPU利用率
0	99999999999999999	0	99999999999999999	68.24212271973467
0	99999999999999999	0	99999999999999999	65.13266998341626
0	99999999999999999	0	99999999999999999	68.87254901960785
0	99999999999999999	0	99999999999999999	69.63722397476342
0	99999999999999999	1	360	66.74836601307189
0	99999999999999999	0	99999999999999999	69.87603305785125
0	99999999999999999	0	99999999999999999	66.9983416252073
0	99999999999999999	0	99999999999999999	68.95032051282051
0	99999999999999999	0	99999999999999999	69.81404958677685
