早期検知したか	早期検知時刻	デッドラインミスが発生したか	デッドラインミス時刻	平均CPU利用率
0	99999999999999999	1	252	81.70289855072464
0	99999999999999999	1	360	80.99137931034483
0	99999999999999999	1	420	80.10510510510511
0	99999999999999999	0	99999999999999999	87.21550497866286
1	145	1	184	89.6412037037037
1	152	1	156	85.25815217391306
1	195	1	199	89.50892857142857
0	99999999999999999	0	99999999999999999	84.23137876386689
0	99999999999999999	1	420	89.62121212121211
1	479	1	600	86.21108949416342
0	99999999999999999	1	540	80.17970401691332
1	405	1	540	89.44256756756756
0	99999999999999999	1	360	87.59225092250922
0	99999999999999999	0	99999999999999999	84.11084529505582
0	99999999999999999	0	99999999999999999	85.65830721003135
0	99999999999999999	1	360	82.8688524590164
1	181	1	194	87.10585585585586
0	99999999999999999	0	99999999999999999	80.42664670658681
0	99999999999999999	1	600	80.13229927007298
1	563	0	99999999999999999	88.7715179968701
0	99999999999999999	0	99999999999999999	87.26452119309262
0	99999999999999999	0	99999999999999999	80.32520325203252
1	145	1	159	82.63546798029556
0	99999999999999999	1	184	89.9390243902439
1	189	1	223	89.31451612903226
0	99999999999999999	1	360	83.75468164794007
1	145	1	149	89.4774011299435
0	99999999999999999	0	99999999999999999	81.67189952904238
0	99999999999999999	1	540	84.73382045929017
0	99999999999999999	1	600	87.17500000000001
0	99999999999999999	1	480	89.51406649616368
0	99999999999999999	0	99999999999999999	83.70500782472614
0	99999999999999999	0	99999999999999999	84.8046875
0	99999999999999999	0	99999999999999999	80.34615384615385
1	671	1	675	84.62193460490462
0	99999999999999999	1	185	87.20379146919431
0	99999999999999999	0	99999999999999999	87.67387944358579
0	99999999999999999	0	99999999999999999	88.7214983713355
1	121	0	99999999999999999	87.81999999999998
1	133	1	137	86.1280487804878
0	99999999999999999	0	99999999999999999	86.28246753246752
0	99999999999999999	0	99999999999999999	85.58
1	180	1	184	88.13451776649747
0	99999999999999999	1	164	86.88186813186812
1	667	1	671	88.30058224163028
0	99999999999999999	0	99999999999999999	83.91129032258063
0	99999999999999999	1	420	89.16893732970028
0	99999999999999999	1	197	89.0695067264574
1	568	0	99999999999999999	88.86932707355241
0	99999999999999999	1	420	86.82432432432432
0	99999999999999999	1	360	88.85379061371842
0	99999999999999999	1	420	84.27762039660057
0	99999999999999999	1	660	84.88938053097345
0	99999999999999999	1	540	87.92553191489361
1	174	1	198	87.27876106194691
0	99999999999999999	1	168	89.11082474226804
0	99999999999999999	0	99999999999999999	81.33064516129033
0	99999999999999999	1	660	80.24825783972126
0	99999999999999999	0	99999999999999999	84.23228346456695
0	99999999999999999	1	420	86.19565217391303
0	99999999999999999	1	360	85.5513307984791
1	174	1	188	88.9354066985646
0	99999999999999999	1	600	80.12640449438203
0	99999999999999999	1	600	82.63761467889907
0	99999999999999999	1	420	87.46323529411767
0	99999999999999999	1	420	83.64285714285714
1	144	1	148	88.15028901734104
0	99999999999999999	1	130	88.75
0	99999999999999999	1	600	82.34714003944772
0	99999999999999999	1	360	86.39575971731448
0	99999999999999999	1	420	86.13333333333333
0	99999999999999999	0	99999999999999999	85.98111658456487
0	99999999999999999	1	360	85.63559322033899
1	266	1	270	86.1864406779661
0	99999999999999999	1	313	88.02552552552551
0	99999999999999999	0	99999999999999999	81.65849673202615
0	99999999999999999	0	99999999999999999	88.53053435114505
0	99999999999999999	1	660	85.3146853146853
1	134	1	138	89.73765432098766
0	99999999999999999	0	99999999999999999	81.30032206119164
0	99999999999999999	0	99999999999999999	87.38532110091742
0	99999999999999999	1	420	88.6461318051576
0	99999999999999999	0	99999999999999999	87.33739837398373
0	99999999999999999	1	420	88.1747159090909
1	232	1	360	84.95762711864407
0	99999999999999999	1	244	88.05762081784387
0	99999999999999999	1	420	89.6137026239067
1	230	1	234	87.64880952380952
0	99999999999999999	0	99999999999999999	80.39495114006515
0	99999999999999999	1	480	86.72279792746114
0	99999999999999999	1	540	89.2337807606264
0	99999999999999999	1	480	87.92098445595855
0	99999999999999999	1	132	87.66129032258064
0	99999999999999999	1	360	85.5565371024735
0	99999999999999999	0	99999999999999999	81.86677631578947
0	99999999999999999	1	360	82.76006711409396
0	99999999999999999	1	420	87.63020833333333
0	99999999999999999	0	99999999999999999	80.18388106416275
1	144	1	148	87.79761904761904
1	292	1	420	88.6061946902655
0	99999999999999999	1	360	85.33737024221453
0	99999999999999999	1	600	84.17300380228139
0	99999999999999999	1	565	89.88907849829351
0	99999999999999999	1	360	82.72321428571429
0	99999999999999999	0	99999999999999999	80.74522760646109
1	184	1	258	89.37937062937061
0	99999999999999999	0	99999999999999999	81.78571428571428
0	99999999999999999	1	360	89.35185185185186
1	224	1	360	84.56349206349208
0	99999999999999999	1	186	85.57242990654206
1	443	0	99999999999999999	80.63380281690141
0	99999999999999999	1	540	82.5107296137339
0	99999999999999999	0	99999999999999999	88.01751592356686
0	99999999999999999	1	660	85.97408026755853
0	99999999999999999	1	360	80.15676567656766
0	99999999999999999	0	99999999999999999	84.7962382445141
1	356	1	480	82.67441860465117
0	99999999999999999	1	381	87.90024630541872
0	99999999999999999	0	99999999999999999	85.08179231863443
1	176	1	214	89.08227848101265
1	124	1	128	84.16666666666667
0	99999999999999999	1	540	80.81941544885177
0	99999999999999999	1	360	87.89473684210526
1	138	1	142	87.87202380952381
0	99999999999999999	1	480	85.79545454545456
0	99999999999999999	1	420	89.97005988023952
1	203	1	207	85.93073593073593
0	99999999999999999	1	360	89.49814126394052
0	99999999999999999	0	99999999999999999	81.86677631578947
0	99999999999999999	1	420	81.55619596541787
1	293	1	297	85.47619047619047
0	99999999999999999	1	480	88.0125284738041
0	99999999999999999	1	420	89.35883620689654
0	99999999999999999	1	360	89.54326923076924
0	99999999999999999	1	184	89.70238095238095
0	99999999999999999	1	385	87.37834549878346
0	99999999999999999	1	360	82.14897260273972
0	99999999999999999	0	99999999999999999	88.3250825082508
0	99999999999999999	1	360	86.5916955017301
0	99999999999999999	1	360	83.74573378839591
0	99999999999999999	0	99999999999999999	81.36070853462158
0	99999999999999999	0	99999999999999999	82.94460641399417
0	99999999999999999	1	139	87.66129032258065
0	99999999999999999	1	124	89.41666666666667
0	99999999999999999	0	99999999999999999	85.62091503267973
0	99999999999999999	0	99999999999999999	81.46341463414635
0	99999999999999999	1	372	89.41582914572864
0	99999999999999999	1	201	88.33705357142858
1	430	1	600	89.40166975881262
0	99999999999999999	1	360	89.15770609318996
1	221	1	360	88.6168384879725
1	177	1	181	86.1046511627907
0	99999999999999999	1	360	86.90036900369005
0	99999999999999999	0	99999999999999999	88.46153846153847
0	99999999999999999	1	360	87.22924187725633
0	99999999999999999	1	186	85.33878504672899
0	99999999999999999	1	660	85.74561403508773
1	166	1	170	88.14102564102564
0	99999999999999999	0	99999999999999999	85.09538950715422
0	99999999999999999	1	360	81.7170818505338
0	99999999999999999	1	360	84.44055944055944
0	99999999999999999	1	164	88.6968085106383
0	99999999999999999	0	99999999999999999	82.0785597381342
0	99999999999999999	0	99999999999999999	84.93740219092331
1	614	1	618	87.3447204968944
0	99999999999999999	0	99999999999999999	81.14503816793894
0	99999999999999999	0	99999999999999999	83.03865131578948
0	99999999999999999	1	360	80.30442804428046
0	99999999999999999	0	99999999999999999	86.3846153846154
0	99999999999999999	1	480	89.01808785529715
1	289	1	293	89.01869158878505
0	99999999999999999	1	660	89.87030411449017
0	99999999999999999	1	163	89.71774193548387
0	99999999999999999	1	360	87.7840909090909
1	179	1	183	85.81730769230768
0	99999999999999999	1	600	83.88728323699422
1	406	1	540	87.72421524663677
1	212	0	99999999999999999	87.80193236714975
0	99999999999999999	0	99999999999999999	86.4217252396166
1	138	1	142	87.65060240963855
0	99999999999999999	1	138	85.88957055214725
0	99999999999999999	0	99999999999999999	80.54207119741099
0	99999999999999999	0	99999999999999999	82.56381381381382
1	359	1	480	84.31658878504672
0	99999999999999999	0	99999999999999999	89.69568567026194
0	99999999999999999	0	99999999999999999	86.14760432766614
0	99999999999999999	1	360	84.01162790697674
1	183	1	212	88.50635593220338
0	99999999999999999	1	480	88.6046511627907
0	99999999999999999	1	540	84.1537610619469
0	99999999999999999	1	480	88.87820512820512
0	99999999999999999	1	420	89.50757575757576
0	99999999999999999	0	99999999999999999	80.9349593495935
0	99999999999999999	0	99999999999999999	80.62106918238995
0	99999999999999999	1	600	85.87570621468927
0	99999999999999999	1	376	87.03007518796993
1	197	1	201	88.50896860986548
1	592	1	615	87.92407108239097
0	99999999999999999	0	99999999999999999	88.66803278688525
0	99999999999999999	0	99999999999999999	88.15789473684211
0	99999999999999999	1	420	83.11464088397791
0	99999999999999999	1	360	83.77659574468085
1	665	1	669	84.23439767779391
0	99999999999999999	1	259	87.93554006968641
0	99999999999999999	0	99999999999999999	84.38931297709925
0	99999999999999999	1	420	89.14756446991403
0	99999999999999999	0	99999999999999999	82.5375939849624
1	542	1	555	87.0016611295681
0	99999999999999999	1	184	88.17073170731709
0	99999999999999999	1	420	89.47761194029852
1	176	1	199	87.38938053097345
0	99999999999999999	0	99999999999999999	86.5625
0	99999999999999999	1	600	81.63265306122449
0	99999999999999999	1	480	80.92261904761905
0	99999999999999999	1	360	84.58188153310104
0	99999999999999999	1	420	89.63963963963964
0	99999999999999999	1	316	82.47767857142858
0	99999999999999999	1	420	86.05491329479769
0	99999999999999999	1	294	84.65909090909092
0	99999999999999999	1	420	85.24143302180686
0	99999999999999999	1	600	80.0091911764706
0	99999999999999999	1	130	87.01612903225808
0	99999999999999999	1	360	81.62037037037037
1	299	1	420	87.38532110091742
0	99999999999999999	1	360	89.78873239436619
0	99999999999999999	1	480	80.6615776081425
0	99999999999999999	1	480	82.40407673860912
1	155	1	159	86.62634408602152
1	239	1	360	90.0
0	99999999999999999	1	127	89.2123287671233
0	99999999999999999	0	99999999999999999	83.09636650868877
0	99999999999999999	1	360	89.99077490774907
0	99999999999999999	0	99999999999999999	82.43517017828201
0	99999999999999999	1	125	87.91666666666666
0	99999999999999999	1	420	86.90119760479041
0	99999999999999999	0	99999999999999999	83.49436392914654
1	323	1	480	88.08962264150945
1	147	1	151	86.70977011494253
1	164	1	168	89.63730569948186
0	99999999999999999	0	99999999999999999	86.50390625
0	99999999999999999	1	420	84.86842105263158
1	535	1	660	86.38507718696398
0	99999999999999999	0	99999999999999999	88.78357030015798
0	99999999999999999	1	360	82.00692041522491
0	99999999999999999	1	194	83.3710407239819
0	99999999999999999	0	99999999999999999	82.7217125382263
0	99999999999999999	1	420	87.6466275659824
0	99999999999999999	1	128	87.74193548387098
0	99999999999999999	1	420	80.42813455657492
0	99999999999999999	1	263	86.1013986013986
0	99999999999999999	1	360	88.99812734082396
0	99999999999999999	0	99999999999999999	87.23140495867769
0	99999999999999999	0	99999999999999999	81.32207578253707
0	99999999999999999	0	99999999999999999	84.42684766214178
0	99999999999999999	1	360	85.68007662835251
1	296	1	420	85.27190332326282
0	99999999999999999	1	249	88.25471698113208
0	99999999999999999	0	99999999999999999	86.14262560777958
0	99999999999999999	1	420	87.3546511627907
1	187	1	191	89.10550458715596
0	99999999999999999	0	99999999999999999	80.62106918238993
0	99999999999999999	1	148	89.2755681818182
0	99999999999999999	0	99999999999999999	84.8256735340729
0	99999999999999999	1	253	88.31521739130433
1	472	1	600	86.07073643410854
0	99999999999999999	1	540	84.88493723849373
0	99999999999999999	0	99999999999999999	88.51251840942564
0	99999999999999999	1	360	84.36329588014982
1	235	1	239	81.88110749185668
1	112	1	128	87.83333333333334
0	99999999999999999	0	99999999999999999	81.25
0	99999999999999999	1	420	82.78508771929825
1	138	1	142	83.38235294117648
0	99999999999999999	0	99999999999999999	80.78478964401293
0	99999999999999999	0	99999999999999999	82.90229885057472
0	99999999999999999	1	540	88.33512931034484
1	165	1	169	89.31347150259066
0	99999999999999999	1	360	89.27902621722846
0	99999999999999999	1	360	88.31335616438356
0	99999999999999999	0	99999999999999999	86.13707165109035
0	99999999999999999	0	99999999999999999	82.55766062602964
1	495	0	99999999999999999	86.07954545454545
0	99999999999999999	1	360	85.02747252747254
0	99999999999999999	0	99999999999999999	80.61774461028192
0	99999999999999999	0	99999999999999999	83.50474683544303
0	99999999999999999	1	660	89.81073943661971
0	99999999999999999	1	360	84.1789667896679
0	99999999999999999	1	375	89.70223325062035
0	99999999999999999	1	452	87.2323340471092
1	418	1	444	89.36965811965811
0	99999999999999999	1	420	82.4171686746988
0	99999999999999999	1	328	85.77089337175792
0	99999999999999999	1	142	87.35119047619047
0	99999999999999999	1	600	85.73232323232322
1	553	0	99999999999999999	86.13494539781591
1	649	0	99999999999999999	85.3125
1	215	1	231	89.46850393700787
0	99999999999999999	1	170	86.01804123711341
0	99999999999999999	0	99999999999999999	84.11377708978328
0	99999999999999999	1	420	87.77932960893855
0	99999999999999999	1	360	89.1156462585034
0	99999999999999999	1	480	81.08591885441527
1	304	1	420	81.32575757575758
0	99999999999999999	0	99999999999999999	85.63049853372435
0	99999999999999999	1	420	89.87388724035608
0	99999999999999999	1	600	84.77356746765248
1	136	1	140	88.8888888888889
0	99999999999999999	1	660	83.72144112478031
0	99999999999999999	1	420	88.29545454545455
0	99999999999999999	0	99999999999999999	80.34565916398714
0	99999999999999999	0	99999999999999999	86.70295489891137
0	99999999999999999	1	600	82.83858998144713
0	99999999999999999	1	420	89.51729106628243
1	416	1	540	88.76518218623482
0	99999999999999999	1	169	85.14030612244898
0	99999999999999999	0	99999999999999999	82.7467637540453
0	99999999999999999	0	99999999999999999	86.15863141524106
0	99999999999999999	1	360	87.01754385964912
1	139	1	143	87.94378698224853
1	430	1	600	81.96798493408662
1	188	1	192	88.57954545454545
1	181	1	194	89.59276018099547
0	99999999999999999	0	99999999999999999	89.52909647779478
0	99999999999999999	0	99999999999999999	81.89052795031057
1	356	1	480	87.75641025641026
1	232	1	360	87.592936802974
0	99999999999999999	1	244	86.8106617647059
0	99999999999999999	0	99999999999999999	87.45854063018243
0	99999999999999999	1	360	85.85858585858585
1	219	1	223	85.8433734939759
0	99999999999999999	1	600	85.88942307692307
0	99999999999999999	1	540	80.23127753303966
0	99999999999999999	1	420	86.3970588235294
1	166	1	209	89.7872340425532
0	99999999999999999	1	426	89.77272727272728
0	99999999999999999	1	360	89.88970588235293
0	99999999999999999	0	99999999999999999	81.38385502471169
0	99999999999999999	1	360	80.88487972508591
0	99999999999999999	0	99999999999999999	86.03500761035008
0	99999999999999999	0	99999999999999999	84.64343598055105
0	99999999999999999	1	480	84.17519181585679
0	99999999999999999	0	99999999999999999	88.05769230769229
0	99999999999999999	1	267	89.03583617747441
0	99999999999999999	0	99999999999999999	80.298273155416
0	99999999999999999	1	245	86.6444866920152
0	99999999999999999	1	200	89.237668161435
0	99999999999999999	0	99999999999999999	84.78428351309708
0	99999999999999999	0	99999999999999999	88.81369426751591
1	210	1	214	87.44834710743801
0	99999999999999999	1	485	85.31862745098039
1	255	1	420	89.44672131147541
0	99999999999999999	1	360	88.73873873873873
0	99999999999999999	0	99999999999999999	81.31911532385467
0	99999999999999999	1	480	89.80429292929294
0	99999999999999999	1	540	86.9517543859649
0	99999999999999999	1	360	87.22222222222223
0	99999999999999999	0	99999999999999999	83.20866141732284
0	99999999999999999	0	99999999999999999	89.0725806451613
0	99999999999999999	0	99999999999999999	81.56545741324922
0	99999999999999999	1	540	89.72500000000001
1	352	1	480	80.93373493975903
0	99999999999999999	0	99999999999999999	84.7495894909688
0	99999999999999999	1	600	85.34263959390863
1	159	1	199	88.64130434782608
0	99999999999999999	1	360	84.28093645484951
1	155	1	159	88.8268156424581
1	286	1	420	80.329754601227
0	99999999999999999	0	99999999999999999	85.7258064516129
0	99999999999999999	1	360	81.55204460966543
0	99999999999999999	1	146	87.13450292397661
0	99999999999999999	1	360	80.63322368421053
1	184	1	197	84.0725806451613
0	99999999999999999	0	99999999999999999	83.85502471169687
0	99999999999999999	1	480	80.15243902439025
0	99999999999999999	1	125	87.25
