早期検知したか	早期検知時刻	デッドラインミスが発生したか	デッドラインミス時刻	平均CPU利用率
0	99999999999999999	0	99999999999999999	62.44094488188977
0	99999999999999999	0	99999999999999999	69.7884012539185
0	99999999999999999	0	99999999999999999	66.73486088379705
0	99999999999999999	1	360	69.32565789473684
0	99999999999999999	0	99999999999999999	68.63636363636363
0	99999999999999999	0	99999999999999999	67.52032520325203
0	99999999999999999	0	99999999999999999	66.12111292962356
0	99999999999999999	0	99999999999999999	67.75590551181102
0	99999999999999999	0	99999999999999999	64.51077943615256
