早期検知したか	早期検知時刻	デッドラインミスが発生したか	デッドラインミス時刻	平均CPU利用率
0	99999999999999999	0	99999999999999999	74.71122112211222
0	99999999999999999	1	480	76.21794871794873
0	99999999999999999	0	99999999999999999	77.42200328407225
0	99999999999999999	0	99999999999999999	77.15384615384616
0	99999999999999999	0	99999999999999999	74.89737274220033
0	99999999999999999	0	99999999999999999	76.94935691318327
0	99999999999999999	0	99999999999999999	79.07392686804451
0	99999999999999999	0	99999999999999999	75.86071987480437
0	99999999999999999	1	540	79.83786610878661
0	99999999999999999	0	99999999999999999	77.9985007496252
0	99999999999999999	0	99999999999999999	79.78056426332289
0	99999999999999999	0	99999999999999999	77.41057542768273
0	99999999999999999	0	99999999999999999	76.4820592823713
0	99999999999999999	0	99999999999999999	75.5794701986755
0	99999999999999999	0	99999999999999999	76.38449367088607
0	99999999999999999	0	99999999999999999	79.82315112540192
0	99999999999999999	0	99999999999999999	75.91853035143771
0	99999999999999999	0	99999999999999999	79.58603896103897
0	99999999999999999	0	99999999999999999	79.65571205007825
0	99999999999999999	1	360	78.60824742268039
0	99999999999999999	0	99999999999999999	76.37362637362637
0	99999999999999999	1	306	74.56666666666668
0	99999999999999999	0	99999999999999999	77.09984152139461
0	99999999999999999	0	99999999999999999	78.45368916797487
0	99999999999999999	0	99999999999999999	79.29629629629629
0	99999999999999999	0	99999999999999999	70.15224358974359
0	99999999999999999	0	99999999999999999	74.46102819237149
0	99999999999999999	1	480	71.19186046511628
0	99999999999999999	0	99999999999999999	79.29133858267717
0	99999999999999999	0	99999999999999999	77.34120521172639
0	99999999999999999	0	99999999999999999	74.21487603305785
0	99999999999999999	0	99999999999999999	79.20032310177704
0	99999999999999999	0	99999999999999999	78.46774193548387
0	99999999999999999	0	99999999999999999	78.53736089030207
0	99999999999999999	0	99999999999999999	79.65571205007825
0	99999999999999999	0	99999999999999999	74.8507462686567
0	99999999999999999	0	99999999999999999	70.18760195758564
0	99999999999999999	0	99999999999999999	74.6012759170654
0	99999999999999999	0	99999999999999999	79.70389805097452
0	99999999999999999	0	99999999999999999	73.30173775671406
0	99999999999999999	0	99999999999999999	70.78696343402225
0	99999999999999999	0	99999999999999999	71.1788617886179
0	99999999999999999	0	99999999999999999	76.99303405572755
0	99999999999999999	0	99999999999999999	70.26359143327842
0	99999999999999999	0	99999999999999999	77.59395424836602
0	99999999999999999	0	99999999999999999	76.41579731743667
0	99999999999999999	0	99999999999999999	71.09746434231378
0	99999999999999999	0	99999999999999999	75.36821705426357
0	99999999999999999	0	99999999999999999	74.58813838550246
0	99999999999999999	0	99999999999999999	74.51399688958008
1	150	1	154	73.73853211009174
0	99999999999999999	0	99999999999999999	78.52220520673814
0	99999999999999999	0	99999999999999999	70.37953795379538
0	99999999999999999	0	99999999999999999	76.95783132530121
0	99999999999999999	1	128	77.24719101123596
0	99999999999999999	0	99999999999999999	77.9937791601866
0	99999999999999999	1	360	77.0367412140575
0	99999999999999999	0	99999999999999999	77.10016155088852
0	99999999999999999	0	99999999999999999	77.75974025974025
0	99999999999999999	0	99999999999999999	74.20382165605096
0	99999999999999999	0	99999999999999999	75.92374213836477
0	99999999999999999	0	99999999999999999	78.46774193548387
0	99999999999999999	0	99999999999999999	79.47122861586314
0	99999999999999999	0	99999999999999999	75.5794701986755
0	99999999999999999	0	99999999999999999	74.84126984126985
1	239	1	243	73.76700680272108
0	99999999999999999	0	99999999999999999	71.49681528662421
0	99999999999999999	0	99999999999999999	72.80259365994235
0	99999999999999999	0	99999999999999999	75.44715447154472
0	99999999999999999	1	360	79.1058394160584
0	99999999999999999	1	123	71.01351351351352
0	99999999999999999	0	99999999999999999	76.26382306477092
0	99999999999999999	0	99999999999999999	77.34499205087441
1	340	1	480	75.08680555555557
0	99999999999999999	0	99999999999999999	76.07438016528926
0	99999999999999999	1	126	78.39595375722544
0	99999999999999999	1	360	78.13531353135313
0	99999999999999999	1	128	78.02197802197801
0	99999999999999999	0	99999999999999999	75.08291873963515
1	143	1	147	75.78125
0	99999999999999999	0	99999999999999999	73.60655737704917
0	99999999999999999	0	99999999999999999	71.97346600331676
0	99999999999999999	0	99999999999999999	76.22549019607843
0	99999999999999999	0	99999999999999999	74.37888198757763
1	149	1	153	74.24065420560748
0	99999999999999999	0	99999999999999999	77.61136712749617
0	99999999999999999	0	99999999999999999	75.20424836601309
0	99999999999999999	0	99999999999999999	75.5794701986755
0	99999999999999999	0	99999999999999999	70.41734860883797
0	99999999999999999	0	99999999999999999	78.05299539170507
0	99999999999999999	0	99999999999999999	70.1077943615257
0	99999999999999999	0	99999999999999999	79.04290429042904
1	113	1	132	73.99497487437186
0	99999999999999999	0	99999999999999999	78.15870570107859
0	99999999999999999	0	99999999999999999	75.99236641221374
0	99999999999999999	1	360	72.06140350877193
0	99999999999999999	1	480	79.51555023923444
0	99999999999999999	1	600	78.22657743785851
0	99999999999999999	0	99999999999999999	79.04
0	99999999999999999	0	99999999999999999	78.2089552238806
0	99999999999999999	0	99999999999999999	77.72161741835147
0	99999999999999999	0	99999999999999999	79.93012422360248
0	99999999999999999	0	99999999999999999	78.25914149443562
0	99999999999999999	1	600	76.0264598540146
0	99999999999999999	0	99999999999999999	79.47580645161291
0	99999999999999999	0	99999999999999999	75.45454545454545
0	99999999999999999	0	99999999999999999	77.63157894736841
0	99999999999999999	0	99999999999999999	73.62852664576803
0	99999999999999999	0	99999999999999999	76.75233644859813
0	99999999999999999	0	99999999999999999	74.83739837398375
0	99999999999999999	0	99999999999999999	76.37362637362638
0	99999999999999999	0	99999999999999999	79.43615257048093
0	99999999999999999	0	99999999999999999	74.61059190031153
0	99999999999999999	0	99999999999999999	73.5569105691057
0	99999999999999999	0	99999999999999999	77.1462639109698
0	99999999999999999	0	99999999999999999	74.8360655737705
0	99999999999999999	0	99999999999999999	71.35157545605308
0	99999999999999999	0	99999999999999999	75.70480928689885
0	99999999999999999	0	99999999999999999	74.90219092331769
0	99999999999999999	0	99999999999999999	78.16310975609755
0	99999999999999999	0	99999999999999999	78.25914149443561
1	249	1	360	77.31629392971246
0	99999999999999999	0	99999999999999999	78.29489291598023
0	99999999999999999	1	360	78.82736156351791
0	99999999999999999	0	99999999999999999	78.63418530351437
1	148	1	161	78.59513274336281
0	99999999999999999	1	480	77.66927083333334
0	99999999999999999	0	99999999999999999	77.1864686468647
0	99999999999999999	0	99999999999999999	75.57003257328991
0	99999999999999999	0	99999999999999999	77.28537360890303
0	99999999999999999	0	99999999999999999	74.46546052631578
0	99999999999999999	1	360	75.4182156133829
0	99999999999999999	0	99999999999999999	79.8956661316212
0	99999999999999999	0	99999999999999999	77.3853550295858
0	99999999999999999	0	99999999999999999	77.27642276422765
0	99999999999999999	0	99999999999999999	72.25859247135841
0	99999999999999999	0	99999999999999999	75.07898894154819
0	99999999999999999	0	99999999999999999	79.88188976377953
0	99999999999999999	0	99999999999999999	77.18949044585987
