早期検知したか	早期検知時刻	デッドラインミスが発生したか	デッドラインミス時刻	平均CPU利用率
0	99999999999999999	0	99999999999999999	79.58397534668721
0	99999999999999999	0	99999999999999999	75.94108019639935
0	99999999999999999	0	99999999999999999	75.20593080724876
0	99999999999999999	1	188	79.74308300395258
0	99999999999999999	0	99999999999999999	74.23387096774192
1	158	1	172	79.5940170940171
0	99999999999999999	0	99999999999999999	75.80385852090032
0	99999999999999999	0	99999999999999999	76.07438016528926
1	163	1	169	75.58760683760684
0	99999999999999999	0	99999999999999999	76.88603531300163
0	99999999999999999	0	99999999999999999	78.61282843894901
0	99999999999999999	1	133	77.37771739130434
0	99999999999999999	0	99999999999999999	72.39837398373984
0	99999999999999999	0	99999999999999999	70.03105590062113
0	99999999999999999	1	360	74.66777408637874
0	99999999999999999	0	99999999999999999	78.81426202321724
0	99999999999999999	0	99999999999999999	76.0655737704918
0	99999999999999999	0	99999999999999999	73.05555555555556
0	99999999999999999	1	362	78.08524173027989
0	99999999999999999	1	170	78.11181434599156
0	99999999999999999	1	164	74.78260869565217
0	99999999999999999	0	99999999999999999	76.56765676567657
1	139	1	144	77.14285714285715
0	99999999999999999	0	99999999999999999	70.07936507936508
0	99999999999999999	1	270	77.71084337349397
0	99999999999999999	0	99999999999999999	77.11661341853035
1	501	1	505	79.79323308270678
0	99999999999999999	1	151	75.11574074074075
0	99999999999999999	0	99999999999999999	77.67710049423393
1	141	1	159	79.16666666666667
0	99999999999999999	0	99999999999999999	76.55482815057283
0	99999999999999999	0	99999999999999999	74.1551459293395
0	99999999999999999	1	144	78.64583333333333
0	99999999999999999	0	99999999999999999	77.11661341853035
0	99999999999999999	1	360	72.83496732026143
0	99999999999999999	0	99999999999999999	76.20578778135047
0	99999999999999999	0	99999999999999999	74.46102819237147
0	99999999999999999	0	99999999999999999	79.4770206022187
0	99999999999999999	0	99999999999999999	76.94566813509545
0	99999999999999999	1	360	76.69701986754967
0	99999999999999999	1	154	79.20560747663552
0	99999999999999999	0	99999999999999999	77.47116968698518
0	99999999999999999	0	99999999999999999	78.49593495934958
0	99999999999999999	0	99999999999999999	79.75409836065573
0	99999999999999999	0	99999999999999999	76.9168026101142
0	99999999999999999	0	99999999999999999	70.78696343402224
0	99999999999999999	1	360	78.79629629629628
0	99999999999999999	0	99999999999999999	70.37953795379538
0	99999999999999999	0	99999999999999999	72.85478547854787
0	99999999999999999	0	99999999999999999	74.46102819237147
0	99999999999999999	0	99999999999999999	76.85624012638229
0	99999999999999999	1	155	74.48630136986301
0	99999999999999999	0	99999999999999999	78.62377850162866
0	99999999999999999	0	99999999999999999	74.35379644588045
0	99999999999999999	1	394	77.16557017543859
0	99999999999999999	0	99999999999999999	78.42409240924093
0	99999999999999999	0	99999999999999999	76.14353312302839
1	170	1	175	79.61618257261411
0	99999999999999999	1	124	70.67567567567568
0	99999999999999999	0	99999999999999999	77.14015151515153
0	99999999999999999	0	99999999999999999	77.84690799396682
0	99999999999999999	1	306	77.22371967654986
0	99999999999999999	0	99999999999999999	79.42122186495178
0	99999999999999999	0	99999999999999999	71.24613003095976
0	99999999999999999	0	99999999999999999	70.03284072249589
0	99999999999999999	0	99999999999999999	78.69181380417335
0	99999999999999999	0	99999999999999999	76.79938744257274
0	99999999999999999	1	360	71.14448051948052
0	99999999999999999	0	99999999999999999	70.7296849087894
0	99999999999999999	0	99999999999999999	79.36378466557913
0	99999999999999999	0	99999999999999999	73.33333333333333
0	99999999999999999	0	99999999999999999	77.34120521172638
0	99999999999999999	1	480	79.47809278350515
0	99999999999999999	0	99999999999999999	70.22653721682848
0	99999999999999999	1	480	74.38524590163935
0	99999999999999999	0	99999999999999999	71.20717781402936
0	99999999999999999	0	99999999999999999	71.61716171617161
0	99999999999999999	1	160	77.15707964601769
0	99999999999999999	1	191	77.99227799227799
0	99999999999999999	0	99999999999999999	76.0
0	99999999999999999	0	99999999999999999	75.5794701986755
0	99999999999999999	0	99999999999999999	74.46102819237146
0	99999999999999999	0	99999999999999999	71.97346600331676
0	99999999999999999	0	99999999999999999	78.88808139534883
0	99999999999999999	0	99999999999999999	79.1923076923077
0	99999999999999999	0	99999999999999999	76.48205928237128
0	99999999999999999	0	99999999999999999	76.30505709624796
0	99999999999999999	0	99999999999999999	76.32669983416251
0	99999999999999999	0	99999999999999999	78.55371900826448
0	99999999999999999	0	99999999999999999	71.4401294498382
0	99999999999999999	1	123	74.19354838709677
0	99999999999999999	0	99999999999999999	78.11077389984827
0	99999999999999999	1	360	72.31848184818482
0	99999999999999999	1	208	79.66485507246377
0	99999999999999999	0	99999999999999999	77.52854812398041
0	99999999999999999	0	99999999999999999	77.71565495207669
0	99999999999999999	0	99999999999999999	75.31948881789137
0	99999999999999999	0	99999999999999999	77.65092879256966
0	99999999999999999	0	99999999999999999	79.44182389937107
0	99999999999999999	0	99999999999999999	76.72143974960876
0	99999999999999999	0	99999999999999999	77.67710049423394
0	99999999999999999	0	99999999999999999	75.37698412698414
0	99999999999999999	0	99999999999999999	71.97346600331674
0	99999999999999999	1	175	78.47510373443983
0	99999999999999999	0	99999999999999999	76.52979066022544
0	99999999999999999	0	99999999999999999	79.81790591805766
0	99999999999999999	0	99999999999999999	78.314696485623
0	99999999999999999	0	99999999999999999	76.43721633888048
0	99999999999999999	0	99999999999999999	78.30769230769232
0	99999999999999999	0	99999999999999999	71.2538226299694
0	99999999999999999	0	99999999999999999	75.82372322899506
0	99999999999999999	0	99999999999999999	79.04
0	99999999999999999	1	131	71.57894736842105
0	99999999999999999	0	99999999999999999	71.41167192429022
0	99999999999999999	1	480	76.24069478908189
0	99999999999999999	1	600	79.24107142857143
0	99999999999999999	0	99999999999999999	77.44865718799367
1	692	1	696	78.6493860845839
0	99999999999999999	0	99999999999999999	77.69413629160064
0	99999999999999999	0	99999999999999999	75.64102564102565
0	99999999999999999	1	245	78.82736156351794
0	99999999999999999	0	99999999999999999	77.82625189681335
0	99999999999999999	0	99999999999999999	78.91268533772651
0	99999999999999999	0	99999999999999999	70.10779436152569
1	423	1	439	79.3145956607495
0	99999999999999999	0	99999999999999999	78.23712948517941
0	99999999999999999	0	99999999999999999	75.08223684210526
0	99999999999999999	0	99999999999999999	77.93388429752066
0	99999999999999999	0	99999999999999999	79.10569105691057
0	99999999999999999	0	99999999999999999	77.57048092868988
0	99999999999999999	1	141	75.0
0	99999999999999999	1	123	75.92857142857143
0	99999999999999999	0	99999999999999999	75.77235772357723
1	334	1	360	78.39506172839506
0	99999999999999999	1	126	76.91176470588236
0	99999999999999999	0	99999999999999999	71.70081967213115
0	99999999999999999	0	99999999999999999	77.89514866979655
0	99999999999999999	0	99999999999999999	78.24149108589951
0	99999999999999999	1	379	77.2332506203474
0	99999999999999999	0	99999999999999999	73.52289512555392
0	99999999999999999	0	99999999999999999	70.9983498349835
0	99999999999999999	1	480	76.19485294117646
0	99999999999999999	1	133	74.25675675675676
0	99999999999999999	0	99999999999999999	78.91654465592973
0	99999999999999999	0	99999999999999999	75.20259319286872
0	99999999999999999	0	99999999999999999	78.78289473684211
0	99999999999999999	0	99999999999999999	76.65322580645162
0	99999999999999999	1	147	74.64622641509433
0	99999999999999999	0	99999999999999999	73.35375191424195
0	99999999999999999	0	99999999999999999	76.44151565074137
0	99999999999999999	1	243	79.69771241830065
0	99999999999999999	0	99999999999999999	78.38582677165356
1	125	1	137	75.76530612244899
0	99999999999999999	0	99999999999999999	77.87190082644629
0	99999999999999999	0	99999999999999999	77.64195583596215
0	99999999999999999	0	99999999999999999	79.5144157814871
0	99999999999999999	0	99999999999999999	75.94884488448845
0	99999999999999999	0	99999999999999999	74.12140575079873
0	99999999999999999	0	99999999999999999	75.39568345323742
0	99999999999999999	0	99999999999999999	76.68032786885246
0	99999999999999999	0	99999999999999999	72.8582554517134
0	99999999999999999	0	99999999999999999	75.70480928689884
