早期検知したか	早期検知時刻	デッドラインミスが発生したか	デッドラインミス時刻	平均CPU利用率
0	99999999999999999	0	99999999999999999	75.81699346405229
0	99999999999999999	0	99999999999999999	77.02593192868719
0	99999999999999999	1	454	78.8387715930902
1	144	1	150	74.59302325581395
0	99999999999999999	0	99999999999999999	71.35157545605307
0	99999999999999999	1	179	79.88445378151262
0	99999999999999999	0	99999999999999999	77.04248366013071
0	99999999999999999	0	99999999999999999	75.45454545454545
0	99999999999999999	0	99999999999999999	78.40725806451614
0	99999999999999999	0	99999999999999999	78.6704730831974
0	99999999999999999	1	660	77.58692052980133
0	99999999999999999	1	547	73.73778501628665
0	99999999999999999	0	99999999999999999	77.65210608424337
0	99999999999999999	0	99999999999999999	78.52459016393442
0	99999999999999999	1	122	72.73936170212767
1	135	1	139	73.53658536585367
0	99999999999999999	0	99999999999999999	75.08291873963516
0	99999999999999999	0	99999999999999999	79.10569105691056
0	99999999999999999	0	99999999999999999	79.9621212121212
0	99999999999999999	0	99999999999999999	76.82119205298014
0	99999999999999999	0	99999999999999999	76.4297385620915
0	99999999999999999	1	131	78.73563218390804
0	99999999999999999	0	99999999999999999	74.72910216718266
0	99999999999999999	1	360	76.0146103896104
0	99999999999999999	0	99999999999999999	73.20031298904537
0	99999999999999999	1	129	79.14364640883979
0	99999999999999999	0	99999999999999999	73.2744783306581
0	99999999999999999	0	99999999999999999	78.99464831804282
0	99999999999999999	0	99999999999999999	77.2553516819572
1	176	1	180	78.84615384615384
0	99999999999999999	0	99999999999999999	79.66171617161716
0	99999999999999999	0	99999999999999999	76.69421487603306
0	99999999999999999	0	99999999999999999	78.98089171974522
0	99999999999999999	0	99999999999999999	74.58813838550248
0	99999999999999999	1	123	75.86206896551724
0	99999999999999999	0	99999999999999999	72.7540500736377
0	99999999999999999	0	99999999999999999	71.71776729559748
1	161	1	169	78.55603448275862
1	162	1	169	79.07725321888412
0	99999999999999999	0	99999999999999999	74.7159090909091
0	99999999999999999	0	99999999999999999	79.88505747126436
0	99999999999999999	0	99999999999999999	79.10569105691057
0	99999999999999999	0	99999999999999999	74.46102819237147
0	99999999999999999	0	99999999999999999	73.89415481832543
0	99999999999999999	0	99999999999999999	78.10444078947368
0	99999999999999999	0	99999999999999999	70.35597381342062
0	99999999999999999	0	99999999999999999	79.75908372827804
0	99999999999999999	0	99999999999999999	76.22820919175912
0	99999999999999999	1	360	78.19579288025889
0	99999999999999999	0	99999999999999999	78.36850649350649
1	155	1	159	74.66814159292035
0	99999999999999999	0	99999999999999999	75.94108019639933
0	99999999999999999	0	99999999999999999	76.6015625
0	99999999999999999	0	99999999999999999	75.55643879173292
0	99999999999999999	0	99999999999999999	74.46102819237147
0	99999999999999999	0	99999999999999999	77.88617886178864
0	99999999999999999	0	99999999999999999	78.50946372239747
0	99999999999999999	0	99999999999999999	79.86760124610592
0	99999999999999999	0	99999999999999999	70.64860426929393
0	99999999999999999	1	360	74.30327868852459
0	99999999999999999	1	122	71.56593406593407
0	99999999999999999	0	99999999999999999	76.27388535031847
0	99999999999999999	0	99999999999999999	79.45705024311184
0	99999999999999999	1	130	78.2638888888889
0	99999999999999999	0	99999999999999999	71.97346600331676
0	99999999999999999	0	99999999999999999	72.30273752012882
0	99999999999999999	0	99999999999999999	74.28571428571428
0	99999999999999999	1	169	77.27754237288136
0	99999999999999999	0	99999999999999999	78.97727272727272
0	99999999999999999	0	99999999999999999	78.81832797427653
1	280	1	285	79.2022792022792
0	99999999999999999	1	511	77.16884328358209
0	99999999999999999	0	99999999999999999	74.95894909688012
0	99999999999999999	1	151	76.70990566037736
0	99999999999999999	0	99999999999999999	78.81426202321725
0	99999999999999999	0	99999999999999999	70.26359143327842
0	99999999999999999	0	99999999999999999	79.3859649122807
0	99999999999999999	1	130	76.52925531914893
0	99999999999999999	0	99999999999999999	74.72044728434504
0	99999999999999999	0	99999999999999999	78.84927066450567
0	99999999999999999	0	99999999999999999	78.82848392036753
0	99999999999999999	1	169	77.06567796610169
0	99999999999999999	0	99999999999999999	77.18646864686468
0	99999999999999999	1	485	79.13405088062622
1	180	1	195	74.90494296577947
1	148	1	152	77.1531100478469
0	99999999999999999	1	123	79.50949367088609
0	99999999999999999	0	99999999999999999	79.61693548387098
0	99999999999999999	0	99999999999999999	79.8354735152488
0	99999999999999999	0	99999999999999999	76.21580547112463
0	99999999999999999	0	99999999999999999	77.65210608424337
0	99999999999999999	0	99999999999999999	71.83999999999999
0	99999999999999999	0	99999999999999999	77.6153212520593
0	99999999999999999	0	99999999999999999	78.55371900826447
0	99999999999999999	0	99999999999999999	70.18760195758566
0	99999999999999999	0	99999999999999999	76.39553429027114
0	99999999999999999	0	99999999999999999	74.16666666666666
0	99999999999999999	1	124	77.14497041420118
0	99999999999999999	0	99999999999999999	70.49586776859503
0	99999999999999999	0	99999999999999999	79.88505747126436
0	99999999999999999	0	99999999999999999	77.54934210526315
0	99999999999999999	0	99999999999999999	77.37366003062787
0	99999999999999999	0	99999999999999999	76.11710323574731
0	99999999999999999	0	99999999999999999	73.47359735973596
0	99999999999999999	1	122	72.68258426966293
0	99999999999999999	1	360	77.8428093645485
0	99999999999999999	1	138	73.53316326530613
0	99999999999999999	0	99999999999999999	78.72168284789643
0	99999999999999999	0	99999999999999999	73.59504132231403
0	99999999999999999	0	99999999999999999	71.1788617886179
1	144	1	148	72.84883720930233
0	99999999999999999	0	99999999999999999	75.44354838709677
1	191	1	199	75.52480916030534
0	99999999999999999	0	99999999999999999	78.00996932515338
0	99999999999999999	0	99999999999999999	72.51628664495114
0	99999999999999999	0	99999999999999999	79.8956661316212
0	99999999999999999	0	99999999999999999	79.64169381107492
0	99999999999999999	0	99999999999999999	76.68869309838473
0	99999999999999999	0	99999999999999999	79.33799342105263
0	99999999999999999	0	99999999999999999	77.57048092868989
0	99999999999999999	0	99999999999999999	71.11570247933884
0	99999999999999999	0	99999999999999999	75.54773082942097
0	99999999999999999	0	99999999999999999	74.46102819237149
0	99999999999999999	0	99999999999999999	79.40717628705148
0	99999999999999999	0	99999999999999999	77.05930807248764
0	99999999999999999	1	360	77.48371335504886
0	99999999999999999	1	150	73.97260273972601
0	99999999999999999	0	99999999999999999	70.41734860883797
0	99999999999999999	0	99999999999999999	73.8391376451078
0	99999999999999999	0	99999999999999999	72.38689547581903
0	99999999999999999	0	99999999999999999	77.71565495207666
0	99999999999999999	1	360	77.65679442508711
0	99999999999999999	0	99999999999999999	78.91654465592973
1	137	1	169	79.6137339055794
0	99999999999999999	0	99999999999999999	70.37781350482315
0	99999999999999999	0	99999999999999999	77.57048092868989
0	99999999999999999	0	99999999999999999	75.68218298555377
0	99999999999999999	1	143	74.4375
0	99999999999999999	1	145	75.89285714285714
0	99999999999999999	0	99999999999999999	72.41935483870968
0	99999999999999999	0	99999999999999999	79.53047775947282
0	99999999999999999	0	99999999999999999	71.83999999999999
0	99999999999999999	0	99999999999999999	73.88535031847135
0	99999999999999999	0	99999999999999999	70.37953795379538
0	99999999999999999	0	99999999999999999	76.52985074626865
0	99999999999999999	0	99999999999999999	74.95860927152317
0	99999999999999999	0	99999999999999999	76.13458528951487
0	99999999999999999	1	600	78.61163227016885
0	99999999999999999	0	99999999999999999	76.41815235008103
0	99999999999999999	0	99999999999999999	72.96370967741936
0	99999999999999999	1	128	78.71212121212122
0	99999999999999999	0	99999999999999999	76.38449367088607
0	99999999999999999	0	99999999999999999	79.75409836065572
0	99999999999999999	0	99999999999999999	75.32733224222585
0	99999999999999999	0	99999999999999999	71.41109298531812
0	99999999999999999	1	133	75.3188775510204
0	99999999999999999	0	99999999999999999	74.59481361426256
0	99999999999999999	0	99999999999999999	74.85507246376811
