早期検知したか	早期検知時刻	デッドラインミスが発生したか	デッドラインミス時刻	平均CPU利用率
1	639	1	643	92.96171171171171
0	99999999999999999	1	420	95.79983922829581
1	359	1	363	95.40488431876605
1	282	1	286	91.73322683706071
0	99999999999999999	1	420	98.3125
0	99999999999999999	1	362	90.52267002518892
1	218	1	222	92.3780487804878
1	328	1	420	94.53124999999999
1	470	1	474	90.76190476190476
1	348	1	352	90.68364611260054
1	157	1	267	93.55670103092784
1	233	1	292	96.3474025974026
1	531	1	420	96.60773026315789
1	221	1	225	91.55138339920948
1	335	1	359	90.98307291666666
1	223	1	227	90.97782258064517
0	99999999999999999	1	378	93.0239898989899
1	245	1	256	94.6554770318021
1	195	1	328	94.25000000000001
1	341	1	349	95.84441489361703
1	522	1	526	97.27767695099818
1	3505	1	3525	99.01775727069352
0	99999999999999999	1	325	90.75
1	520	1	420	96.88524590163935
1	507	1	511	97.67225325884543
1	247	1	310	95.62125748502994
1	221	1	323	96.01293103448276
1	371	1	480	95.19617706237423
1	285	1	289	94.34335443037973
0	99999999999999999	1	289	93.59076433121021
1	260	1	264	92.76541095890411
0	99999999999999999	1	480	98.52880658436214
0	99999999999999999	1	420	96.0006082725061
0	99999999999999999	1	280	90.98837209302324
1	596	1	636	90.54744525547446
0	99999999999999999	1	193	92.20930232558139
1	450	1	454	95.95435684647303
1	354	1	420	95.0
0	99999999999999999	1	278	93.2046979865772
1	700	1	712	98.03523035230353
1	2120	1	2124	98.9704513727315
1	243	1	264	93.40753424657535
1	3156	1	3650	99.55089820359282
1	326	1	420	93.1
1	208	1	256	91.39784946236558
0	99999999999999999	1	420	96.10091743119267
0	99999999999999999	1	420	97.30992268041237
0	99999999999999999	1	143	92.62048192771084
1	249	1	480	91.7864476386037
1	281	1	285	90.57570977917982
0	99999999999999999	1	420	96.27563329312424
0	99999999999999999	1	262	91.07773851590107
1	1393	1	420	98.51941747572815
1	707	1	720	90.625
1	317	1	321	90.97421203438397
1	177	1	322	92.64492753623189
0	99999999999999999	1	230	91.845703125
0	99999999999999999	1	276	93.29166666666666
1	265	1	384	95.02457002457001
1	165	1	218	94.32291666666669
1	669	1	682	91.88659058487875
1	181	1	185	92.63613861386139
0	99999999999999999	1	211	90.3723404255319
1	595	1	599	95.53285256410257
0	99999999999999999	1	434	94.50959488272922
1	219	1	436	97.11745689655173
1	380	1	384	96.85185185185186
1	264	1	420	96.6116173120729
1	333	1	341	95.73170731707316
1	297	1	420	93.64697802197801
0	99999999999999999	1	163	92.17105263157895
0	99999999999999999	1	420	97.84361851332397
1	740	1	420	97.70833333333333
0	99999999999999999	0	99999999999999999	91.31663974151857
1	412	1	461	92.89014373716633
0	99999999999999999	1	480	91.71487603305786
1	342	1	346	95.14824797843666
0	99999999999999999	1	321	94.78260869565217
1	338	1	420	91.82213930348257
0	99999999999999999	1	420	97.17023172905527
0	99999999999999999	1	379	94.57605985037407
0	99999999999999999	1	148	91.3074712643678
1	298	1	420	94.12607449856735
0	99999999999999999	1	166	94.30555555555557
1	773	1	420	98.72010463378176
0	99999999999999999	1	438	92.12365591397851
1	264	1	373	98.52362204724409
0	99999999999999999	1	420	97.21948818897637
1	1186	1	1190	98.50164203612478
1	287	1	420	91.78082191780821
1	200	1	204	91.86681222707422
0	99999999999999999	1	420	98.0486173059768
1	1560	1	2865	99.60207612456747
0	99999999999999999	1	621	92.7825077399381
0	99999999999999999	1	233	90.34514925373134
1	138	1	206	92.97210300429185
0	99999999999999999	1	717	95.91216216216216
1	407	1	620	98.88888888888889
1	249	1	263	90.48442906574394
1	265	1	302	95.87227414330218
0	99999999999999999	1	420	96.96856287425148
1	5769	1	420	99.41292423723003
1	149	1	165	91.77461139896373
0	99999999999999999	1	322	91.28676470588235
1	224	1	228	92.57968127490038
1	192	1	319	95.20348837209302
1	286	1	351	95.87874659400545
1	132	1	253	94.59821428571429
0	99999999999999999	1	420	97.01409495548963
1	2090	1	2630	99.48269375470278
1	339	1	343	93.25880758807588
1	182	1	210	93.21581196581198
0	99999999999999999	1	183	90.56490384615384
0	99999999999999999	1	193	91.64663461538461
0	99999999999999999	1	420	96.32009345794393
0	99999999999999999	1	398	92.84869976359339
1	405	1	662	97.95620437956204
1	335	1	339	90.62499999999999
0	99999999999999999	1	188	94.4047619047619
0	99999999999999999	1	420	98.33535108958836
1	1064	1	420	98.52310231023101
0	99999999999999999	0	99999999999999999	92.07119741100325
1	337	1	341	92.98780487804879
1	309	1	420	95.06909547738694
1	293	1	420	95.69160997732426
1	360	1	420	97.47899159663865
0	99999999999999999	1	420	99.57709824333116
1	378	1	382	92.14108910891089
1	447	1	451	95.38502109704642
1	317	1	420	95.83333333333331
1	310	1	410	96.83908045977012
0	99999999999999999	1	420	97.0075239398085
0	99999999999999999	1	420	98.47435897435899
0	99999999999999999	1	482	91.82405566600397
1	207	1	211	91.31799163179917
0	99999999999999999	1	269	91.62457912457911
1	427	1	420	95.78625235404897
1	1036	1	2962	99.64800536372779
1	2291	1	2295	99.43329015544042
0	99999999999999999	1	337	91.26381215469614
1	434	1	438	92.95356371490281
1	239	1	287	93.14903846153845
0	99999999999999999	1	226	91.1
0	99999999999999999	1	409	95.87182448036951
1	403	1	420	93.46973094170403
1	269	1	272	92.20890410958903
1	208	1	252	94.3794964028777
1	210	1	214	93.125
0	99999999999999999	1	258	93.6832740213523
0	99999999999999999	1	693	97.40532959326787
1	244	1	248	94.35185185185186
0	99999999999999999	1	420	98.02698574338086
1	426	1	430	93.08333333333333
1	304	1	420	94.34604904632153
1	254	1	319	94.42419825072886
1	215	1	301	95.90978593272172
0	99999999999999999	1	214	91.73553719008265
0	99999999999999999	1	420	98.4650967199327
0	99999999999999999	1	587	97.12009803921569
0	99999999999999999	1	311	94.83775811209438
1	282	1	825	98.13673708920187
0	99999999999999999	1	420	99.12012798138451
1	368	1	372	90.21875
1	539	1	543	90.15625
1	180	1	189	93.8953488372093
1	369	1	420	92.66552511415524
1	307	1	435	96.17903930131004
1	359	1	363	90.4040404040404
1	205	1	209	91.44736842105263
1	297	1	334	96.76846590909092
1	555	1	420	95.90761750405186
1	277	1	420	97.36842105263158
1	273	1	469	96.23737373737374
0	99999999999999999	1	420	97.77397260273972
1	403	1	407	93.00947867298578
1	511	1	600	96.80493273542601
1	275	1	383	94.16058394160584
1	414	1	420	95.0
0	99999999999999999	1	345	94.10569105691057
0	99999999999999999	1	420	96.40827922077922
0	99999999999999999	1	420	99.48618406028774
1	311	1	315	90.04424778761062
1	169	1	173	92.0280612244898
1	294	1	298	92.91795665634675
1	977	1	420	98.94524236983843
1	203	1	207	91.7564655172414
1	790	1	600	94.0989077669903
1	294	1	298	94.30428134556576
1	202	1	327	95.07042253521126
1	456	1	480	96.84139784946237
0	99999999999999999	1	420	99.44553805774278
1	400	1	404	90.16587677725119
1	548	1	552	92.83246977547496
1	364	1	368	91.61392405063292
1	319	1	323	95.05813953488372
1	288	1	292	94.35876623376625
0	99999999999999999	1	420	96.52636916835701
1	303	1	420	97.52327127659574
0	99999999999999999	0	99999999999999999	90.03164556962025
0	99999999999999999	1	193	91.9683257918552
0	99999999999999999	1	480	98.2298259493671
1	609	1	420	96.51386748844376
0	99999999999999999	1	480	98.15737051792829
0	99999999999999999	1	253	90.68181818181817
1	261	1	265	94.88054607508532
1	309	1	420	95.94250363901018
0	99999999999999999	1	212	91.40625
0	99999999999999999	1	360	94.22077922077922
1	602	1	606	90.21653543307086
1	468	1	420	96.64371772805508
1	284	1	330	97.69061583577712
1	403	1	407	92.51740139211137
0	99999999999999999	1	214	92.06008583690986
0	99999999999999999	1	420	97.32014388489209
1	736	1	740	97.79411764705883
1	335	1	351	95.13305322128852
0	99999999999999999	1	270	92.0376712328767
1	645	1	649	96.5185185185185
1	236	1	337	93.73287671232877
1	233	1	240	93.63295880149813
1	367	1	420	97.33796296296298
1	492	1	420	97.55514705882354
1	297	1	317	90.58823529411764
0	99999999999999999	1	292	94.99211356466876
1	285	1	289	93.8973063973064
0	99999999999999999	1	243	92.32536764705881
1	215	1	219	92.04545454545455
1	328	1	420	97.23419540229885
0	99999999999999999	1	480	97.70942408376963
1	492	1	498	93.28214971209212
0	99999999999999999	1	365	92.47448979591837
1	775	1	420	96.69727488151659
0	99999999999999999	1	233	90.97222222222223
1	613	1	617	91.88084112149534
1	145	1	219	92.77108433734941
1	214	1	317	93.25221238938053
1	363	1	420	96.54891304347828
0	99999999999999999	1	420	93.41114457831326
0	99999999999999999	1	274	92.75662251655629
1	284	1	288	93.15664556962027
1	276	1	416	95.77625570776256
1	538	1	480	95.88495575221238
1	564	1	568	96.0016835016835
0	99999999999999999	1	166	92.98941798941797
0	99999999999999999	1	239	94.3916349809886
0	99999999999999999	1	320	91.07658959537572
0	99999999999999999	1	187	91.47196261682242
1	9310	1	9775	99.85199550882923
0	99999999999999999	0	99999999999999999	90.42307692307692
1	567	1	571	92.36227045075124
0	99999999999999999	1	420	96.79221854304635
1	286	1	844	98.25114678899084
1	619	1	623	97.18364197530865
1	196	1	200	93.35227272727272
0	99999999999999999	1	369	92.12372448979592
1	379	1	383	90.26412776412778
1	250	1	304	95.9214501510574
1	209	1	249	95.11861313868613
0	99999999999999999	1	420	97.36842105263159
1	508	1	420	97.61804384485666
1	381	1	480	92.81850961538461
1	275	1	279	90.11437908496731
0	99999999999999999	1	415	96.31519274376416
1	710	1	714	97.7830832196453
1	419	1	420	95.83333333333333
0	99999999999999999	1	420	99.50137028014616
1	461	1	544	93.35867620751343
1	603	1	624	92.66717325227964
1	221	1	277	94.22131147540983
0	99999999999999999	1	187	92.61904761904762
0	99999999999999999	1	203	92.33695652173913
1	414	1	476	96.50698602794411
1	331	1	335	91.32231404958677
1	398	1	420	95.0445434298441
1	373	1	377	95.3997461928934
0	99999999999999999	1	198	94.09722222222223
1	269	1	362	95.13888888888889
0	99999999999999999	1	420	97.42353723404254
0	99999999999999999	1	208	96.53409090909092
0	99999999999999999	1	420	96.17135761589404
0	99999999999999999	1	431	90.08985200845666
1	402	1	440	93.9385775862069
1	504	1	540	97.51344086021506
1	427	1	431	95.9967320261438
0	99999999999999999	1	420	98.39473684210526
1	501	1	480	97.77628032345012
0	99999999999999999	1	303	92.63803680981596
1	329	1	420	94.90616621983914
0	99999999999999999	1	309	95.79545454545455
1	421	1	480	92.95154185022025
0	99999999999999999	1	368	96.08585858585859
0	99999999999999999	1	420	98.21808510638297
1	129	1	212	93.74999999999999
0	99999999999999999	1	159	91.75675675675676
1	402	1	437	93.52536997885834
1	333	1	337	95.04847645429363
1	190	1	874	97.13366890380311
1	403	1	420	96.1670480549199
1	204	1	1657	99.00593471810089
0	99999999999999999	1	337	94.00969529085872
1	394	1	420	90.73761261261261
0	99999999999999999	1	340	91.75824175824175
0	99999999999999999	1	305	91.50302114803627
1	362	1	366	95.32051282051283
0	99999999999999999	1	420	97.16898954703831
0	99999999999999999	1	419	94.96644295302013
0	99999999999999999	1	200	91.21004566210046
1	255	1	425	95.74944071588367
1	310	1	314	94.78550295857987
1	232	1	316	95.85755813953489
1	773	1	420	99.01349948078919
0	99999999999999999	1	389	91.27415458937197
1	241	1	339	92.47237569060775
0	99999999999999999	1	315	94.17655786350149
1	330	1	519	96.85202205882354
1	343	1	420	91.31410256410257
1	1528	1	1532	98.4775641025641
1	214	1	218	90.21739130434783
1	397	1	404	96.36627906976744
0	99999999999999999	1	420	94.22909407665506
0	99999999999999999	1	331	93.17548746518105
1	177	1	424	96.16031390134529
1	190	1	194	92.06161137440759
0	99999999999999999	1	473	91.96068548387098
1	219	1	236	91.99810606060605
1	250	1	254	95.81766917293233
1	1100	1	1131	99.2242132867133
0	99999999999999999	1	184	92.33490566037736
1	246	1	420	96.70022371364652
1	341	1	345	94.45945945945945
1	445	1	532	95.20609318996416
1	598	1	602	92.0906200317965
0	99999999999999999	1	370	92.29539641943734
1	436	1	440	95.53952991452991
0	99999999999999999	1	420	98.72118155619596
1	175	1	179	94.91206030150755
1	355	1	359	96.08552631578948
1	696	1	420	98.46377749029755
0	99999999999999999	1	420	99.46906457156888
1	383	1	412	91.01382488479263
0	99999999999999999	1	480	95.43181818181817
1	458	1	526	94.07775768535262
0	99999999999999999	1	480	97.5625
0	99999999999999999	1	419	95.13574660633485
1	412	1	416	90.80882352941177
1	239	1	243	94.01544401544402
0	99999999999999999	1	529	92.08860759493669
1	438	1	442	93.46774193548387
1	227	1	247	90.43040293040292
1	414	1	420	94.87250554323725
0	99999999999999999	1	614	97.85433070866142
1	259	1	1880	99.27745664739884
1	373	1	389	91.51678657074342
1	293	1	420	96.56326034063261
1	493	1	942	98.46332644628099
1	201	1	1625	98.79793061472915
1	292	1	296	95.79475308641975
1	209	1	213	91.84322033898306
0	99999999999999999	1	480	94.80485232067511
1	249	1	257	93.21808510638297
1	200	1	213	98.18925233644862
0	99999999999999999	1	284	91.73519736842104
1	323	1	420	95.68733153638814
1	300	1	326	96.45892351274787
1	1331	1	600	99.12064431295201
0	99999999999999999	0	99999999999999999	90.22801302931595
1	269	1	324	93.75
1	322	1	346	91.92779291553134
1	216	1	242	92.06273764258555
0	99999999999999999	1	394	95.20383693045564
0	99999999999999999	1	260	95.39007092198582
0	99999999999999999	1	420	97.4260523321957
0	99999999999999999	1	676	93.62535612535613
1	232	1	236	90.81439393939395
1	368	1	372	95.6234256926952
1	598	1	602	96.89984101748809
1	463	1	469	90.3558052434457
0	99999999999999999	1	310	90.15718562874252
1	260	1	264	91.59407665505228
1	291	1	295	92.9858934169279
1	523	1	420	95.42525773195875
1	275	1	513	96.23382624768948
1	575	1	826	98.50527549824149
1	222	1	298	93.02147239263805
0	99999999999999999	1	212	93.69791666666667
0	99999999999999999	1	420	96.5547703180212
0	99999999999999999	1	420	98.29545454545455
0	99999999999999999	1	420	96.75751879699249
1	380	1	417	96.36727688787185
1	204	1	208	90.58441558441558
0	99999999999999999	1	420	99.02198211624442
1	580	1	1191	99.08586688578472
0	99999999999999999	1	994	98.52005870841487
1	214	1	218	92.44897959183672
1	260	1	467	96.58400809716599
1	374	1	480	93.38768115942028
0	99999999999999999	1	420	96.23983739837401
0	99999999999999999	1	420	97.95103092783505
1	414	1	480	93.5682326621924
1	172	1	219	94.8045267489712
0	99999999999999999	1	492	95.38201160541587
1	363	1	449	95.75471698113208
1	195	1	270	92.43197278911566
0	99999999999999999	1	393	96.48910411622276
1	463	1	420	95.86759868421052
1	180	1	286	95.57877813504824
1	671	1	687	94.6953781512605
0	99999999999999999	1	420	96.02000000000001
1	241	1	323	93.82183908045975
1	622	1	670	97.78138528138528
0	99999999999999999	1	650	97.82934131736528
0	99999999999999999	1	639	90.79046898638425
0	99999999999999999	0	99999999999999999	90.10500807754441
1	402	1	482	97.17261904761905
1	215	1	1439	99.28082191780823
1	483	1	420	96.99630314232903
0	99999999999999999	1	221	95.27439024390245
1	350	1	386	93.10661764705883
1	658	1	662	95.73529411764704
1	533	1	480	95.83996815286623
1	390	1	394	95.1718009478673
0	99999999999999999	1	420	97.53105590062111
1	341	1	345	90.7103825136612
1	268	1	327	95.9045584045584
0	99999999999999999	1	276	92.10526315789474
0	99999999999999999	1	420	96.05704697986577
1	645	1	667	91.25000000000001
0	99999999999999999	1	205	92.33333333333333
1	262	1	721	97.74562584118439
0	99999999999999999	1	304	93.75
1	388	1	526	97.02272727272725
1	454	1	420	96.34803921568627
0	99999999999999999	1	471	95.2020202020202
1	294	1	420	94.40954773869348
1	301	1	400	93.16588785046729
1	253	1	748	98.04333764553687
1	323	1	754	98.12017994858611
1	320	1	324	95.09587020648968
1	434	1	420	92.438900203666
1	195	1	271	91.91919191919193
1	279	1	283	93.58660130718954
0	99999999999999999	1	209	92.55434782608695
1	246	1	351	96.13095238095238
0	99999999999999999	1	362	90.92948717948718
1	486	1	500	91.80871212121212
1	249	1	315	92.41202346041055
0	99999999999999999	1	251	90.52197802197803
0	99999999999999999	1	161	90.7258064516129
0	99999999999999999	1	544	95.6140350877193
1	451	1	420	97.81203840472672
1	345	1	368	94.65648854961833
0	99999999999999999	1	233	92.42277992277991
1	369	1	480	92.95698924731182
1	224	1	396	95.84323040380048
1	247	1	251	93.42334494773519
0	99999999999999999	1	371	91.63647342995168
0	99999999999999999	1	212	96.62162162162163
0	99999999999999999	1	480	94.06407035175879
1	545	1	540	99.000794070937
1	545	1	549	94.32409012131716
0	99999999999999999	1	381	93.48765432098766
1	319	1	420	92.13709677419355
1	330	1	341	94.5054945054945
0	99999999999999999	1	139	94.78527607361964
0	99999999999999999	1	420	97.43756503642038
0	99999999999999999	1	184	93.75
0	99999999999999999	0	99999999999999999	93.07350565428109
0	99999999999999999	1	187	92.77251184834122
0	99999999999999999	1	122	90.625
1	192	1	196	91.01382488479261
1	296	1	431	96.18131868131869
0	99999999999999999	1	337	93.56164383561645
1	490	1	516	90.9090909090909
0	99999999999999999	1	514	93.53049907578557
0	99999999999999999	1	152	91.49096385542168
1	290	1	533	95.16129032258064
0	99999999999999999	1	197	90.82943925233644
0	99999999999999999	1	164	92.65873015873015
1	577	1	667	92.24890829694324
1	395	1	399	93.76477541371159
1	186	1	234	90.7567049808429
1	382	1	420	95.83333333333334
1	215	1	219	94.33673469387755
1	401	1	2095	99.0339302544769
0	99999999999999999	1	381	91.44088669950739
0	99999999999999999	1	492	91.64414414414415
1	212	1	536	95.74468085106383
1	1256	1	2207	99.49596774193547
0	99999999999999999	1	197	90.38018433179724
0	99999999999999999	1	409	95.92013888888889
0	99999999999999999	1	480	97.08460365853658
1	1802	1	2753	99.31205035971223
0	99999999999999999	1	448	91.9661733615222
1	330	1	369	93.71905940594058
1	220	1	224	90.67460317460318
1	208	1	212	92.08333333333333
0	99999999999999999	1	382	97.08436724565756
1	352	1	356	94.4736842105263
0	99999999999999999	1	480	97.84482758620689
1	205	1	339	95.56564245810056
0	99999999999999999	1	420	96.47683397683399
1	204	1	262	94.79895104895105
1	377	1	480	96.6552734375
1	245	1	319	96.35568513119534
1	2128	1	420	99.29937722419928
1	425	1	429	93.25
0	99999999999999999	1	550	90.69614711033276
1	523	1	574	93.36134453781514
1	368	1	372	92.32736572890026
1	210	1	214	93.38541666666667
0	99999999999999999	1	255	94.75806451612902
1	604	1	681	94.67067988668555
1	362	1	366	92.83419023136247
1	414	1	420	94.14835164835164
1	531	1	535	96.22557726465364
1	196	1	222	93.10165975103735
1	276	1	280	91.88311688311687
0	99999999999999999	1	480	92.84950071326675
1	232	1	315	95.73615160349856
1	584	1	420	98.04091539528433
1	3800	1	420	99.49570536179074
0	99999999999999999	1	364	90.44312169312168
1	413	1	442	90.92133620689654
1	197	1	464	96.93983402489626
1	496	1	500	95.38352272727273
0	99999999999999999	1	420	97.92833146696528
1	252	1	409	95.2517162471396
0	99999999999999999	1	199	93.77880184331798
1	397	1	420	95.96501128668172
0	99999999999999999	1	156	91.0919540229885
1	180	1	184	92.68867924528303
1	729	1	540	98.58562691131498
1	599	1	603	92.60204081632654
0	99999999999999999	1	140	90.49079754601227
1	272	1	476	98.07302231237323
0	99999999999999999	1	339	92.9794520547945
1	331	1	395	96.45390070921985
1	342	1	346	95.5163043478261
0	99999999999999999	0	99999999999999999	91.84952978056427
1	308	1	480	90.70097244732577
1	591	1	688	95.16643059490086
0	99999999999999999	1	231	93.07228915662651
0	99999999999999999	1	178	91.44088669950739
1	670	1	420	97.82813975448536
0	99999999999999999	1	309	94.35606060606061
1	547	1	565	94.70016891891892
1	387	1	660	98.59886649874056
0	99999999999999999	1	463	95.85030549898167
0	99999999999999999	1	420	97.58003048780488
1	332	1	336	91.09154929577464
1	542	1	600	95.68298969072166
1	234	1	417	96.5625
1	246	1	357	95.2922077922078
1	270	1	420	94.72361809045226
1	279	1	506	96.59304511278195
