0	99999999999999999	0	99999999999999999	73.1270358306189
0	99999999999999999	0	99999999999999999	77.48796147672553
0	99999999999999999	0	99999999999999999	77.69495412844037
0	99999999999999999	0	99999999999999999	84.43609022556392
0	99999999999999999	1	360	91.97214076246334
0	99999999999999999	1	360	95.81265508684864
0	99999999999999999	1	420	94.4977426636569
0	99999999999999999	1	360	97.25363489499192
1	204	1	484	97.23581213307241
1	299	1	333	92.80913978494623
0	99999999999999999	1	360	97.85575048732942
0	99999999999999999	0	99999999999999999	79.98405103668262
0	99999999999999999	1	480	75.03205128205128
0	99999999999999999	0	99999999999999999	89.55342902711322
0	99999999999999999	0	99999999999999999	89.9238782051282
0	99999999999999999	1	259	89.4434628975265
0	99999999999999999	1	139	77.5
1	261	1	360	90.86538461538461
1	470	1	474	95.70783132530121
0	99999999999999999	1	600	96.7789598108747
0	99999999999999999	1	360	96.89180107526882
0	99999999999999999	1	158	92.44505494505495
0	99999999999999999	0	99999999999999999	86.50159744408947
0	99999999999999999	0	99999999999999999	77.55225080385853
0	99999999999999999	1	428	82.42099322799096
0	99999999999999999	1	242	83.40747330960853
1	267	1	271	96.875
1	211	1	228	91.68454935622319
1	240	1	360	85.64189189189189
0	99999999999999999	1	174	89.3041237113402
1	354	1	362	94.32692307692308
1	204	1	632	97.78963414634147
1	453	1	457	96.86203319502074
0	99999999999999999	1	662	76.4030612244898
0	99999999999999999	1	360	82.08333333333334
0	99999999999999999	1	492	81.96078431372548
0	99999999999999999	1	148	92.02586206896551
0	99999999999999999	1	420	90.90095465393794
0	99999999999999999	1	360	77.26897689768977
1	307	1	420	92.38980716253442
1	233	1	237	92.42424242424242
1	601	1	606	97.8903785488959
0	99999999999999999	1	159	79.83870967741936
1	986	1	990	98.13856015779092
0	99999999999999999	0	99999999999999999	77.18842729970326
0	99999999999999999	0	99999999999999999	85.31300160513644
0	99999999999999999	0	99999999999999999	84.61221122112212
0	99999999999999999	1	627	86.47919876733437
0	99999999999999999	1	360	84.57903780068727
0	99999999999999999	1	256	89.25276752767529
0	99999999999999999	1	205	92.77173913043478
0	99999999999999999	1	185	91.36904761904762
0	99999999999999999	1	399	96.94117647058825
0	99999999999999999	1	360	98.4375
1	290	1	5720	99.81931382793451
0	99999999999999999	0	99999999999999999	80.0580431177446
0	99999999999999999	0	99999999999999999	82.73628048780486
1	570	1	660	87.91597337770384
1	419	1	429	83.54591836734694
0	99999999999999999	1	420	92.04545454545453
1	235	1	239	85.59160305343514
0	99999999999999999	1	271	90.21186440677964
1	360	1	360	97.17973231357553
0	99999999999999999	1	360	97.35915492957746
1	142	1	499	96.78502879078694
1	242	1	360	97.50647668393782
0	99999999999999999	0	99999999999999999	77.8052805280528
0	99999999999999999	0	99999999999999999	78.9344262295082
0	99999999999999999	0	99999999999999999	89.43861066235864
0	99999999999999999	0	99999999999999999	88.21656050955414
0	99999999999999999	1	360	82.54237288135593
0	99999999999999999	1	185	91.49061032863851
0	99999999999999999	1	360	88.33056478405317
1	238	1	242	91.21747211895912
1	449	1	453	95.76315789473684
0	99999999999999999	1	266	86.88461538461539
0	99999999999999999	1	374	92.375
0	99999999999999999	0	99999999999999999	75.65084226646249
1	424	1	460	81.04914933837429
0	99999999999999999	0	99999999999999999	85.1199690402477
0	99999999999999999	1	540	87.21881390593046
1	193	1	197	96.49014778325123
1	187	1	191	81.06995884773661
1	142	1	174	87.14788732394365
0	99999999999999999	1	183	91.88701923076924
1	369	1	360	96.10552763819095
0	99999999999999999	1	420	96.77620632279533
1	570	1	574	97.58808724832215
0	99999999999999999	0	99999999999999999	75.4471544715447
0	99999999999999999	0	99999999999999999	87.80864197530865
0	99999999999999999	1	143	89.5331325301205
0	99999999999999999	1	660	84.006734006734
1	290	1	360	79.8365122615804
0	99999999999999999	1	420	89.25501432664757
1	249	1	256	92.35611510791367
1	171	1	207	86.48504273504274
0	99999999999999999	1	360	85.56105610561055
1	1113	1	1268	98.64969135802468
1	4001	1	4005	99.57206648474323
0	99999999999999999	1	600	75.81018518518519
0	99999999999999999	0	99999999999999999	79.00291120815137
0	99999999999999999	0	99999999999999999	79.89551083591331
0	99999999999999999	1	369	80.83333333333333
0	99999999999999999	1	360	87.22924187725631
1	208	1	212	89.33823529411764
1	305	1	309	89.6577380952381
0	99999999999999999	1	360	93.8375350140056
0	99999999999999999	1	305	94.03495440729483
1	411	1	360	97.13421658986175
1	356	1	468	97.57085020242916
0	99999999999999999	0	99999999999999999	69.53125
0	99999999999999999	0	99999999999999999	74.46546052631578
0	99999999999999999	1	252	87.73320895522387
0	99999999999999999	1	322	82.94817927170868
1	420	1	424	93.359375
1	249	1	253	92.62589928057552
0	99999999999999999	1	138	92.27707006369427
1	292	1	360	94.6923076923077
1	224	1	480	98.48314606741573
0	99999999999999999	1	214	87.18354430379746
1	669	1	673	98.01873198847262
0	99999999999999999	0	99999999999999999	70.6229641693811
0	99999999999999999	0	99999999999999999	76.51851851851852
0	99999999999999999	1	432	81.79235537190083
0	99999999999999999	0	99999999999999999	86.59565916398715
1	254	1	258	90.81272084805653
1	205	1	209	80.22727272727272
1	214	1	246	95.34774436090225
0	99999999999999999	1	420	95.1904761904762
0	99999999999999999	1	360	95.34313725490196
0	99999999999999999	1	360	97.88011695906434
1	320	1	324	93.13936781609195
0	99999999999999999	0	99999999999999999	79.04
0	99999999999999999	0	99999999999999999	83.30645161290322
1	662	1	675	89.04929577464789
0	99999999999999999	1	360	69.84323432343234
1	245	1	360	78.56543624161075
1	243	1	360	92.44505494505493
0	99999999999999999	1	142	79.14364640883977
1	252	1	256	93.72759856630825
0	99999999999999999	1	186	89.22619047619048
0	99999999999999999	1	253	90.22727272727272
0	99999999999999999	1	360	97.60416666666667
0	99999999999999999	0	99999999999999999	77.30368589743591
0	99999999999999999	0	99999999999999999	75.45275590551182
0	99999999999999999	0	99999999999999999	84.45736434108527
0	99999999999999999	1	420	91.29247572815534
0	99999999999999999	1	360	87.99242424242424
0	99999999999999999	1	360	93.59965635738833
0	99999999999999999	1	384	89.16256157635468
1	604	1	608	96.89477848101266
0	99999999999999999	1	132	82.7205882352941
1	293	1	360	95.75757575757576
0	99999999999999999	1	360	96.87500000000001
0	99999999999999999	0	99999999999999999	74.09983633387888
0	99999999999999999	0	99999999999999999	75.68218298555378
0	99999999999999999	1	394	83.0952380952381
1	231	1	235	91.37931034482759
0	99999999999999999	0	99999999999999999	90.62027231467474
1	206	1	250	92.19924812030075
0	99999999999999999	1	360	88.49009900990099
1	255	1	259	95.44223826714801
1	258	1	262	95.76124567474048
1	425	1	429	95.49450549450549
1	772	1	480	99.3092105263158
0	99999999999999999	1	368	81.86708860759494
0	99999999999999999	1	303	87.3502994011976
1	318	1	322	77.45664739884393
0	99999999999999999	1	360	75.53278688524591
0	99999999999999999	0	99999999999999999	85.9303215926493
0	99999999999999999	1	123	75.42857142857142
0	99999999999999999	1	253	82.56472491909386
1	236	1	240	93.1686046511628
0	99999999999999999	1	360	95.75140449438203
0	99999999999999999	1	360	95.82731213872832
0	99999999999999999	1	360	99.24883622513754
0	99999999999999999	0	99999999999999999	66.82615629984052
0	99999999999999999	0	99999999999999999	83.359375
0	99999999999999999	0	99999999999999999	84.06676783004553
0	99999999999999999	0	99999999999999999	94.50325732899023
0	99999999999999999	1	428	86.35881104033969
1	277	1	281	91.53094462540716
1	257	1	360	96.26168224299064
1	151	1	297	93.43944099378882
0	99999999999999999	1	224	90.37698412698413
1	252	1	256	95.84821428571428
0	99999999999999999	1	360	98.75770416024653
0	99999999999999999	0	99999999999999999	82.001647446458
0	99999999999999999	0	99999999999999999	77.87267080745342
0	99999999999999999	0	99999999999999999	82.96622613803231
1	341	1	345	85.595567867036
1	615	1	619	90.95826893353942
1	234	1	360	92.70104895104896
1	215	1	349	94.58556149732621
1	163	1	262	95.57481751824817
0	99999999999999999	1	600	92.99410029498526
0	99999999999999999	1	360	94.22735346358793
1	3659	1	3939	99.70042885973764
0	99999999999999999	0	99999999999999999	70.49114331723028
0	99999999999999999	0	99999999999999999	81.25
1	491	1	495	89.84526112185686
1	197	1	201	93.41216216216216
0	99999999999999999	1	360	89.140625
0	99999999999999999	1	360	92.02657807308971
1	323	1	327	93.89204545454545
1	325	1	360	96.25
0	99999999999999999	1	187	88.37209302325583
0	99999999999999999	1	360	93.99092970521542
0	99999999999999999	1	219	94.88866396761134
0	99999999999999999	0	99999999999999999	76.69421487603304
0	99999999999999999	1	360	79.0873015873016
0	99999999999999999	0	99999999999999999	87.70645645645645
0	99999999999999999	1	523	83.72943327239487
1	259	1	360	89.75265017667843
0	99999999999999999	1	360	79.92671009771988
1	244	1	360	90.71428571428571
1	154	1	179	94.28934010152285
0	99999999999999999	1	142	92.77950310559007
1	594	1	360	97.85276073619632
0	99999999999999999	1	360	98.51819248826291
0	99999999999999999	0	99999999999999999	82.89902280130292
0	99999999999999999	0	99999999999999999	81.25990491283677
0	99999999999999999	0	99999999999999999	90.19685039370079
0	99999999999999999	1	360	91.1328125
0	99999999999999999	0	99999999999999999	87.98652694610777
1	235	1	239	93.15944881889763
1	347	1	420	95.66062176165804
1	383	1	360	95.79545454545455
0	99999999999999999	1	233	96.6796875
1	222	1	320	95.52785923753665
0	99999999999999999	1	360	98.98939220183485
0	99999999999999999	0	99999999999999999	74.22131147540983
0	99999999999999999	0	99999999999999999	79.97032640949556
1	328	1	420	87.53156565656565
0	99999999999999999	1	310	91.98813056379822
0	99999999999999999	1	420	93.47058823529412
0	99999999999999999	1	480	88.50950118764845
0	99999999999999999	1	129	89.36688311688312
1	149	1	153	80.78358208955223
1	480	1	489	90.58529945553538
1	573	1	1238	99.20760697305863
0	99999999999999999	1	360	95.19464720194648
0	99999999999999999	0	99999999999999999	81.03305785123968
0	99999999999999999	0	99999999999999999	78.88071895424837
0	99999999999999999	1	452	95.5032119914347
0	99999999999999999	1	548	87.64534883720933
0	99999999999999999	0	99999999999999999	90.14570552147238
0	99999999999999999	1	124	83.52649006622516
0	99999999999999999	1	360	93.01994301994301
1	242	1	365	95.31250000000001
1	612	1	360	97.58124076809455
1	475	1	569	97.56711409395973
0	99999999999999999	1	360	98.85007022471909
0	99999999999999999	0	99999999999999999	73.51046698872786
1	216	1	220	92.63211382113822
0	99999999999999999	0	99999999999999999	86.697965571205
1	417	1	540	93.03728070175438
0	99999999999999999	1	182	74.57729468599034
0	99999999999999999	1	462	88.70389344262297
1	433	1	360	92.73504273504273
0	99999999999999999	1	124	87.00980392156862
0	99999999999999999	1	360	97.36842105263158
0	99999999999999999	1	173	89.92537313432835
0	99999999999999999	1	360	97.89422135161607
0	99999999999999999	0	99999999999999999	73.8391376451078
0	99999999999999999	1	243	86.40684410646386
0	99999999999999999	0	99999999999999999	85.75310559006212
0	99999999999999999	0	99999999999999999	86.03999999999999
1	205	1	209	83.5813492063492
0	99999999999999999	1	360	93.20291777188329
1	186	1	190	92.67857142857143
1	456	1	360	96.58385093167702
1	456	1	360	92.80225409836066
1	1412	1	1416	99.0625
1	213	1	509	97.75943396226415
0	99999999999999999	0	99999999999999999	75.27821939586647
0	99999999999999999	1	420	90.61550151975683
0	99999999999999999	0	99999999999999999	84.90415335463258
0	99999999999999999	1	360	92.4496644295302
0	99999999999999999	1	484	92.62254901960783
1	433	1	457	86.54942965779468
0	99999999999999999	1	360	91.27435064935064
0	99999999999999999	1	236	90.673828125
0	99999999999999999	1	360	98.36916909620992
1	130	1	480	98.99122807017544
0	99999999999999999	1	375	94.5886075949367
0	99999999999999999	0	99999999999999999	69.91803278688525
0	99999999999999999	0	99999999999999999	82.22940226171245
0	99999999999999999	1	424	84.77777777777777
0	99999999999999999	0	99999999999999999	87.86704730831974
1	179	1	184	80.1
0	99999999999999999	1	608	89.86486486486486
0	99999999999999999	1	480	93.73781676413256
1	290	1	356	96.17962466487934
0	99999999999999999	1	512	95.8100558659218
1	280	1	284	95.14358108108107
0	99999999999999999	1	360	98.32349785407725
1	418	1	447	78.55316973415134
0	99999999999999999	0	99999999999999999	77.57120253164557
0	99999999999999999	1	360	86.20370370370371
0	99999999999999999	1	382	82.3170731707317
1	254	1	360	94.00958466453675
1	178	1	249	94.11764705882352
1	181	1	243	92.91044776119404
0	99999999999999999	1	205	84.228515625
0	99999999999999999	1	420	97.06692913385827
1	1297	1	1737	98.99147727272728
1	125	1	158	93.60795454545453
0	99999999999999999	0	99999999999999999	76.06557377049181
0	99999999999999999	1	600	79.82695810564664
0	99999999999999999	0	99999999999999999	84.47281713344317
0	99999999999999999	1	484	86.9
0	99999999999999999	1	197	79.70532319391634
0	99999999999999999	1	122	80.35714285714286
0	99999999999999999	1	420	93.25916230366492
1	218	1	222	93.01020408163265
1	419	1	423	95.56541019955654
1	541	1	545	97.16608084358523
1	3274	1	3640	99.71280087527352
0	99999999999999999	0	99999999999999999	75.57471264367817
0	99999999999999999	0	99999999999999999	78.62149532710282
0	99999999999999999	0	99999999999999999	82.11206896551724
0	99999999999999999	0	99999999999999999	78.35090361445782
0	99999999999999999	1	286	90.37216828478965
0	99999999999999999	0	99999999999999999	93.88544891640868
1	369	1	360	95.67422434367542
1	248	1	252	88.97058823529412
0	99999999999999999	1	360	92.0316301703163
0	99999999999999999	1	360	94.66911764705881
1	6812	1	7042	99.84244441297267
0	99999999999999999	0	99999999999999999	66.26655629139073
0	99999999999999999	0	99999999999999999	75.32467532467533
0	99999999999999999	1	483	78.56090373280944
0	99999999999999999	1	266	85.99137931034483
1	207	1	271	94.55236486486486
0	99999999999999999	1	250	89.08390410958903
0	99999999999999999	1	226	93.08300395256916
1	264	1	276	94.80897009966777
0	99999999999999999	1	420	97.26426076833528
1	278	1	360	93.34935897435898
1	1158	1	360	98.544921875
0	99999999999999999	0	99999999999999999	76.69491525423729
0	99999999999999999	0	99999999999999999	87.06487341772151
1	435	1	439	92.86876355748373
0	99999999999999999	1	420	94.62209302325583
0	99999999999999999	1	360	92.0212765957447
1	167	1	205	90.50429184549355
0	99999999999999999	1	360	95.24336283185842
0	99999999999999999	1	360	89.62320574162679
0	99999999999999999	1	315	94.1616766467066
1	478	1	540	97.76148969889066
0	99999999999999999	1	360	98.80239520958084
0	99999999999999999	0	99999999999999999	76.08438485804416
0	99999999999999999	0	99999999999999999	83.64909390444811
1	304	1	420	91.43175074183976
1	187	1	229	92.19961240310077
1	168	1	172	80.1255230125523
0	99999999999999999	1	420	89.75840336134453
0	99999999999999999	1	126	88.74999999999999
1	339	1	343	94.70108695652175
0	99999999999999999	1	360	90.38461538461537
0	99999999999999999	1	360	96.43817204301075
1	233	1	892	98.93092105263159
0	99999999999999999	0	99999999999999999	76.40675241157555
0	99999999999999999	0	99999999999999999	76.08438485804416
1	270	1	274	91.31711409395974
0	99999999999999999	1	607	85.39370078740158
0	99999999999999999	1	134	81.66666666666667
1	396	1	400	89.97058823529412
0	99999999999999999	1	423	88.37953091684436
1	327	1	420	94.39174107142857
0	99999999999999999	1	360	96.98275862068965
0	99999999999999999	1	360	96.85359589041096
1	1139	1	1143	98.57784431137725
1	270	1	274	86.43707482993197
0	99999999999999999	0	99999999999999999	81.06677524429966
0	99999999999999999	0	99999999999999999	81.32621951219511
0	99999999999999999	1	360	88.7185534591195
0	99999999999999999	1	480	90.8960720130933
0	99999999999999999	1	395	95.29761904761905
1	222	1	355	96.03018372703411
0	99999999999999999	1	212	92.03124999999999
0	99999999999999999	1	420	94.13623595505618
1	759	1	420	98.5727728983689
1	192	1	298	93.23076923076923
0	99999999999999999	0	99999999999999999	81.38586956521739
0	99999999999999999	0	99999999999999999	78.14029363784665
0	99999999999999999	1	480	76.20967741935485
0	99999999999999999	0	99999999999999999	90.71218795888399
0	99999999999999999	1	420	84.86467236467237
1	304	1	308	87.94776119402985
0	99999999999999999	1	360	87.43455497382199
0	99999999999999999	1	169	78.12499999999999
0	99999999999999999	1	420	95.34653465346535
1	356	1	360	92.46183206106872
1	2582	1	2682	99.69951923076924
0	99999999999999999	0	99999999999999999	76.33928571428572
0	99999999999999999	1	362	82.10078534031413
1	374	1	378	88.55721393034827
0	99999999999999999	1	540	89.83402489626556
0	99999999999999999	1	184	83.69098712446352
1	378	1	360	92.92565947242205
0	99999999999999999	1	540	89.85995850622406
0	99999999999999999	1	122	75.0
1	296	1	300	95.56574923547402
0	99999999999999999	1	493	96.10576923076923
1	157	1	643	97.69490254872565
0	99999999999999999	0	99999999999999999	82.90529695024078
0	99999999999999999	0	99999999999999999	71.90553745928338
0	99999999999999999	1	245	86.4090909090909
1	552	1	660	91.2585910652921
0	99999999999999999	1	511	97.02268431001892
0	99999999999999999	1	449	94.14724576271186
1	239	1	360	91.01423487544483
0	99999999999999999	1	480	95.91141396933561
0	99999999999999999	1	420	95.6234256926952
0	99999999999999999	1	163	84.71534653465346
0	99999999999999999	1	134	87.27409638554217
0	99999999999999999	0	99999999999999999	78.29489291598023
0	99999999999999999	0	99999999999999999	79.4770206022187
0	99999999999999999	1	312	89.47368421052633
0	99999999999999999	0	99999999999999999	86.73387096774194
0	99999999999999999	1	190	83.46774193548387
0	99999999999999999	1	486	86.56862745098039
0	99999999999999999	1	141	76.10837438423646
0	99999999999999999	1	360	96.3560885608856
1	200	1	454	96.94037656903765
0	99999999999999999	1	324	94.84649122807016
0	99999999999999999	1	304	87.80323450134772
0	99999999999999999	0	99999999999999999	71.35157545605307
0	99999999999999999	0	99999999999999999	78.48200312989044
1	500	1	547	87.36795774647888
0	99999999999999999	0	99999999999999999	85.91492776886034
1	469	1	513	92.83395176252318
0	99999999999999999	1	360	94.9
0	99999999999999999	1	220	88.2172131147541
0	99999999999999999	1	129	73.68784530386742
0	99999999999999999	1	360	92.6062091503268
1	283	1	287	93.10897435897435
0	99999999999999999	1	360	98.09160305343512
0	99999999999999999	0	99999999999999999	80.05804311774462
0	99999999999999999	0	99999999999999999	66.95402298850574
0	99999999999999999	0	99999999999999999	83.76369327073552
0	99999999999999999	0	99999999999999999	87.02229299363056
1	362	1	366	90.41878172588832
0	99999999999999999	1	126	73.62565445026178
0	99999999999999999	1	183	87.79761904761907
1	140	1	175	94.97354497354497
1	173	1	181	78.02254098360658
0	99999999999999999	1	142	86.9496855345912
0	99999999999999999	1	360	97.82088122605366
0	99999999999999999	0	99999999999999999	78.28843106180665
0	99999999999999999	1	613	78.49293563579278
0	99999999999999999	0	99999999999999999	74.75767366720517
0	99999999999999999	1	251	85.06317689530687
0	99999999999999999	1	225	90.7370517928287
0	99999999999999999	1	142	74.94075829383887
1	549	1	571	89.2540322580645
1	346	1	350	95.97972972972973
1	298	1	360	95.30812324929971
0	99999999999999999	1	420	97.26810673443457
0	99999999999999999	1	2660	98.66814650388456
0	99999999999999999	0	99999999999999999	71.499176276771
0	99999999999999999	0	99999999999999999	77.61254019292603
0	99999999999999999	0	99999999999999999	82.61943986820428
0	99999999999999999	1	363	86.01583113456464
0	99999999999999999	1	248	88.6861313868613
0	99999999999999999	1	261	91.94839857651245
0	99999999999999999	1	188	79.86111111111113
1	249	1	360	94.71830985915493
0	99999999999999999	1	192	91.1309523809524
0	99999999999999999	1	360	97.5
0	99999999999999999	1	317	96.8558282208589
0	99999999999999999	0	99999999999999999	77.62223974763407
0	99999999999999999	0	99999999999999999	88.00322061191625
0	99999999999999999	1	249	90.0094696969697
0	99999999999999999	1	367	94.43384223918574
0	99999999999999999	1	480	93.99538106235568
0	99999999999999999	1	125	77.03651685393258
0	99999999999999999	1	360	96.20949074074073
0	99999999999999999	1	294	95.11041009463723
1	290	1	360	84.10664819944598
1	331	1	346	88.40174129353234
1	781	1	789	93.82335680751174
0	99999999999999999	0	99999999999999999	77.44205298013244
0	99999999999999999	0	99999999999999999	83.4486970684039
1	503	1	600	82.81794425087108
1	496	1	500	84.86717267552183
1	195	1	199	88.32964601769912
1	188	1	201	86.94690265486727
1	194	1	198	85.2017937219731
1	193	1	231	93.9453125
0	99999999999999999	1	360	95.6164383561644
0	99999999999999999	1	606	96.6917591125198
1	205	1	321	96.46974063400576
0	99999999999999999	0	99999999999999999	83.11335403726707
0	99999999999999999	0	99999999999999999	75.14415156507414
0	99999999999999999	0	99999999999999999	84.05737704918035
0	99999999999999999	1	360	84.26079734219269
1	596	1	600	97.00479233226838
1	240	1	244	89.25276752767526
1	314	1	360	93.73433583959898
0	99999999999999999	1	360	95.20725388601036
0	99999999999999999	1	420	91.59638554216868
0	99999999999999999	1	360	98.51694915254237
1	287	1	360	96.49220489977729
0	99999999999999999	1	423	74.34759916492693
0	99999999999999999	0	99999999999999999	77.69413629160063
0	99999999999999999	1	360	88.36477987421384
1	187	1	191	86.80875576036864
0	99999999999999999	1	420	83.45070422535211
0	99999999999999999	1	168	79.87012987012987
1	240	1	244	95.96153846153845
1	331	1	360	94.17808219178082
1	261	1	404	96.42857142857142
1	1453	1	1457	98.85367498314228
0	99999999999999999	1	395	86.79501084598698
0	99999999999999999	0	99999999999999999	83.90243902439023
1	659	1	663	85.02390710382514
0	99999999999999999	0	99999999999999999	87.34126984126985
1	198	1	202	85.7608695652174
1	329	1	333	90.94005449591282
0	99999999999999999	1	360	89.86710963455151
0	99999999999999999	1	258	86.9661921708185
1	194	1	233	88.37209302325581
0	99999999999999999	1	190	89.7362385321101
1	495	1	499	97.72727272727272
0	99999999999999999	1	360	98.01733193277312
0	99999999999999999	0	99999999999999999	77.88617886178861
0	99999999999999999	0	99999999999999999	77.96474358974359
0	99999999999999999	1	480	85.85607940446651
0	99999999999999999	1	137	87.58064516129033
1	195	1	199	84.81075697211155
0	99999999999999999	1	489	88.6474609375
0	99999999999999999	1	360	89.29127725856696
1	634	1	360	97.5
1	285	1	289	94.42675159235668
0	99999999999999999	1	360	92.54227053140096
1	452	1	540	97.40783410138249
0	99999999999999999	0	99999999999999999	84.19452887537993
0	99999999999999999	0	99999999999999999	83.50722311396467
0	99999999999999999	0	99999999999999999	86.1111111111111
1	303	1	307	95.1492537313433
1	396	1	400	93.3806146572104
1	263	1	267	93.33910034602076
1	184	1	188	89.85849056603773
1	334	1	338	92.53424657534248
1	209	1	360	92.5257731958763
0	99999999999999999	1	207	92.54484304932735
0	99999999999999999	1	360	97.51042752867572
0	99999999999999999	0	99999999999999999	72.23597359735973
0	99999999999999999	0	99999999999999999	82.78041074249606
0	99999999999999999	1	124	74.38858695652172
1	651	1	664	89.49780058651025
1	425	1	540	89.39144736842105
1	248	1	305	95.78173374613003
0	99999999999999999	1	182	85.76732673267327
0	99999999999999999	1	162	91.95945945945947
0	99999999999999999	1	184	82.59493670886076
0	99999999999999999	1	324	92.26017441860465
0	99999999999999999	1	360	98.79413619167718
0	99999999999999999	0	99999999999999999	68.07377049180327
0	99999999999999999	1	600	83.5172744721689
0	99999999999999999	1	363	84.34375
1	261	1	360	90.71180555555556
1	611	1	615	89.72222222222221
0	99999999999999999	1	129	89.66666666666666
0	99999999999999999	1	189	78.27380952380953
0	99999999999999999	1	175	90.73383084577115
1	571	1	480	97.78860569715144
0	99999999999999999	1	360	98.2905982905983
0	99999999999999999	1	360	98.5738255033557
0	99999999999999999	1	265	87.32456140350877
0	99999999999999999	1	500	81.68103448275863
0	99999999999999999	1	360	71.08085808580857
0	99999999999999999	1	431	91.65778251599147
0	99999999999999999	1	382	87.9042288557214
0	99999999999999999	1	360	92.21428571428571
0	99999999999999999	1	145	76.45631067961165
0	99999999999999999	1	360	97.05631399317406
0	99999999999999999	1	154	81.9375
1	519	1	523	97.37682481751827
1	265	1	360	92.57369614512471
0	99999999999999999	0	99999999999999999	74.83870967741936
1	601	1	605	83.5014947683109
0	99999999999999999	1	540	85.26507276507276
1	488	1	492	88.92374517374517
1	309	1	354	91.72297297297298
1	479	1	600	88.6474609375
1	311	1	321	93.69596541786743
1	201	1	534	97.33096085409252
0	99999999999999999	1	993	97.68382352941175
0	99999999999999999	1	360	98.41327519379846
1	143	1	267	93.40986394557824
0	99999999999999999	0	99999999999999999	79.54365079365078
0	99999999999999999	0	99999999999999999	80.63322368421052
1	616	1	620	86.20556414219475
0	99999999999999999	1	558	84.78260869565217
0	99999999999999999	1	549	85.32338308457713
0	99999999999999999	1	360	73.07377049180329
0	99999999999999999	1	182	92.35436893203884
1	168	1	177	81.22384937238495
1	245	1	360	93.13099041533548
0	99999999999999999	1	420	98.14762443438914
0	99999999999999999	1	157	88.32417582417582
0	99999999999999999	0	99999999999999999	78.55371900826447
0	99999999999999999	0	99999999999999999	89.72222222222221
1	515	0	99999999999999999	89.94728915662651
1	345	1	349	89.73829201101928
0	99999999999999999	1	325	91.64305949008498
1	238	1	242	89.67391304347827
0	99999999999999999	1	420	94.2214111922141
1	306	1	310	92.68018018018019
1	235	1	360	96.66519434628975
1	1247	1	1251	99.14370078740157
1	704	1	710	97.99046321525887
0	99999999999999999	0	99999999999999999	75.38934426229508
0	99999999999999999	0	99999999999999999	77.8817365269461
0	99999999999999999	1	370	88.29719387755101
1	644	1	648	82.10820895522387
1	494	1	701	92.19168900804291
0	99999999999999999	1	420	93.63636363636363
0	99999999999999999	1	360	97.16867469879517
1	240	1	360	92.9553264604811
1	255	1	360	93.52006688963212
1	314	1	721	98.44384303112314
0	99999999999999999	1	360	96.94078947368419
0	99999999999999999	0	99999999999999999	65.53719008264463
0	99999999999999999	0	99999999999999999	80.22177419354837
0	99999999999999999	1	439	92.57478632478632
0	99999999999999999	0	99999999999999999	85.31300160513645
0	99999999999999999	1	420	92.9611650485437
0	99999999999999999	1	360	90.7439446366782
0	99999999999999999	1	360	94.82758620689656
0	99999999999999999	1	420	88.81578947368422
1	304	1	360	91.30434782608697
1	913	1	1814	99.17074497009244
0	99999999999999999	1	360	98.87778505897771
0	99999999999999999	0	99999999999999999	75.44354838709678
0	99999999999999999	0	99999999999999999	79.79338842975207
1	568	1	572	87.47957516339869
0	99999999999999999	0	99999999999999999	85.83724569640063
1	202	1	216	91.28630705394191
0	99999999999999999	1	360	92.10048426150122
0	99999999999999999	1	133	87.65151515151517
1	226	1	318	95.68840579710145
0	99999999999999999	1	370	92.95685279187818
1	177	1	1143	98.02519214346711
1	507	1	511	97.59794776119402
0	99999999999999999	0	99999999999999999	76.82737169517884
0	99999999999999999	0	99999999999999999	83.18713450292398
0	99999999999999999	0	99999999999999999	81.98412698412699
0	99999999999999999	0	99999999999999999	89.63323353293414
1	346	1	350	93.18484042553192
1	359	1	360	95.49031476997578
1	260	1	272	92.30769230769232
1	349	1	360	90.89709762532982
1	137	1	245	93.12267657992565
0	99999999999999999	1	360	82.5768156424581
0	99999999999999999	1	563	97.63628620102214
0	99999999999999999	0	99999999999999999	81.28038897893032
0	99999999999999999	0	99999999999999999	82.56843800322062
0	99999999999999999	0	99999999999999999	73.86731391585761
0	99999999999999999	0	99999999999999999	81.17469879518072
0	99999999999999999	1	480	90.57692307692308
1	155	1	183	88.71681415929204
0	99999999999999999	1	129	91.40127388535032
1	441	1	483	84.39781021897811
0	99999999999999999	1	269	92.17687074829931
0	99999999999999999	1	360	93.80530973451327
0	99999999999999999	1	557	94.87951807228913
0	99999999999999999	0	99999999999999999	73.77760252365931
1	166	1	170	91.66666666666667
0	99999999999999999	0	99999999999999999	77.21544715447155
0	99999999999999999	1	273	90.67725752508363
0	99999999999999999	1	255	92.40282685512366
1	193	1	257	92.23684210526315
1	261	1	398	96.54761904761904
1	203	1	243	90.05376344086022
0	99999999999999999	1	360	98.49570200573066
0	99999999999999999	1	248	91.2719298245614
0	99999999999999999	1	143	86.59638554216868
0	99999999999999999	0	99999999999999999	73.06596091205212
0	99999999999999999	0	99999999999999999	81.90418679549114
0	99999999999999999	1	360	85.61872909698997
1	593	1	660	89.4736842105263
0	99999999999999999	1	161	92.002688172043
1	315	1	420	88.21022727272728
1	202	1	206	94.34782608695652
1	375	1	379	95.35175879396984
0	99999999999999999	1	360	97.16435185185185
0	99999999999999999	1	170	75.0531914893617
1	3294	1	3431	99.64171974522293
0	99999999999999999	0	99999999999999999	78.57698289269051
1	246	1	250	86.77272727272727
0	99999999999999999	1	480	78.10173697270471
1	449	1	540	92.24683544303798
0	99999999999999999	1	191	92.47685185185185
1	197	1	205	93.85869565217394
0	99999999999999999	1	248	91.53079710144927
0	99999999999999999	1	360	95.54416403785488
1	262	1	354	96.53141361256544
0	99999999999999999	1	360	97.04425363276091
0	99999999999999999	0	99999999999999999	80.75684380032207
0	99999999999999999	0	99999999999999999	79.46153846153845
0	99999999999999999	0	99999999999999999	84.95065789473685
0	99999999999999999	0	99999999999999999	84.78260869565217
0	99999999999999999	1	464	95.13457556935816
0	99999999999999999	1	219	95.18398268398268
1	294	1	298	90.84615384615384
1	181	1	322	91.82412790697676
0	99999999999999999	1	360	94.3952802359882
1	692	1	696	96.88365650969529
1	847	1	1561	99.2730720606827
0	99999999999999999	0	99999999999999999	81.54471544715447
0	99999999999999999	0	99999999999999999	78.59450726978997
0	99999999999999999	0	99999999999999999	83.98373983739836
1	618	1	622	85.91576506955177
0	99999999999999999	1	360	86.09467455621302
0	99999999999999999	1	360	91.6552197802198
1	213	1	217	89.48497854077253
0	99999999999999999	1	360	95.99743150684932
1	319	1	360	92.74193548387096
0	99999999999999999	1	360	84.72222222222221
0	99999999999999999	1	359	97.04301075268818
0	99999999999999999	0	99999999999999999	78.85496183206106
0	99999999999999999	0	99999999999999999	75.8765243902439
0	99999999999999999	0	99999999999999999	78.85383386581469
0	99999999999999999	0	99999999999999999	76.54816513761467
0	99999999999999999	1	480	89.77272727272728
0	99999999999999999	0	99999999999999999	88.48784194528874
1	192	1	196	90.34598214285714
1	205	1	209	92.91845493562232
1	303	1	360	97.13203463203463
1	217	1	306	95.07575757575758
1	1518	1	1793	99.17218543046357
0	99999999999999999	0	99999999999999999	76.0655737704918
0	99999999999999999	0	99999999999999999	82.90529695024078
1	636	1	640	82.49622356495468
0	99999999999999999	1	248	81.84742647058823
1	131	1	135	75.57692307692308
1	194	1	198	91.20575221238937
0	99999999999999999	1	266	94.96587030716725
1	266	1	360	96.75843694493784
1	289	1	293	94.5924764890282
0	99999999999999999	1	251	93.86200716845877
1	352	1	420	98.43253968253968
0	99999999999999999	1	360	77.05223880597015
0	99999999999999999	0	99999999999999999	82.18799368088469
0	99999999999999999	0	99999999999999999	83.90600315955766
0	99999999999999999	1	360	88.48944591029024
0	99999999999999999	1	660	91.08952702702703
0	99999999999999999	1	224	94.62809917355372
1	530	1	534	91.67414721723519
0	99999999999999999	1	540	92.425
1	478	1	482	88.58195211786372
0	99999999999999999	1	281	93.19672131147541
1	830	1	1328	99.1869918699187
0	99999999999999999	0	99999999999999999	75.08025682182985
0	99999999999999999	0	99999999999999999	89.63658146964856
0	99999999999999999	1	138	73.2487922705314
1	604	1	608	95.63008130081302
0	99999999999999999	1	282	93.45833333333333
0	99999999999999999	1	247	81.10841423948222
1	272	1	360	95.34700315457414
0	99999999999999999	1	360	95.76612903225806
0	99999999999999999	1	360	94.73333333333333
1	360	1	364	95.05739795918367
0	99999999999999999	1	196	84.94897959183673
0	99999999999999999	0	99999999999999999	80.32520325203252
0	99999999999999999	0	99999999999999999	86.198738170347
0	99999999999999999	0	99999999999999999	83.87218045112783
1	618	1	681	91.43714689265538
0	99999999999999999	1	420	92.73504273504275
0	99999999999999999	1	420	86.98060941828255
0	99999999999999999	1	245	91.57509157509156
0	99999999999999999	1	360	95.2054794520548
1	310	1	408	97.46503496503497
1	311	1	315	95.61209439528022
0	99999999999999999	1	360	98.96651270207853
0	99999999999999999	0	99999999999999999	77.93388429752068
0	99999999999999999	0	99999999999999999	70.99834983498349
0	99999999999999999	0	99999999999999999	81.40145395799676
1	480	1	600	91.33333333333333
1	195	1	199	88.33705357142858
0	99999999999999999	1	279	88.92508143322475
0	99999999999999999	1	660	96.53448275862068
1	353	1	360	95.46485260770974
0	99999999999999999	1	360	96.46109271523179
0	99999999999999999	1	360	97.53886010362694
1	578	1	660	98.51220752797559
0	99999999999999999	0	99999999999999999	77.38287560581583
0	99999999999999999	0	99999999999999999	84.0255591054313
0	99999999999999999	1	576	85.96735668789809
1	357	1	480	89.85411140583554
0	99999999999999999	0	99999999999999999	89.2966360856269
1	156	1	160	81.8287037037037
1	192	1	223	93.67469879518072
0	99999999999999999	1	132	86.71875
0	99999999999999999	1	131	89.30817610062894
1	858	1	660	97.75309917355372
1	2612	1	2694	99.46152430044182
0	99999999999999999	0	99999999999999999	75.08291873963515
0	99999999999999999	0	99999999999999999	81.06677524429969
1	550	1	660	88.74128919860628
0	99999999999999999	0	99999999999999999	85.31300160513644
0	99999999999999999	0	99999999999999999	83.10911808669655
1	529	1	533	94.47415329768272
0	99999999999999999	1	360	94.35240963855422
0	99999999999999999	1	360	92.51077586206897
1	142	1	396	95.51886792452831
1	184	1	188	92.46495327102804
0	99999999999999999	1	420	99.25755248335895
0	99999999999999999	0	99999999999999999	79.38596491228068
0	99999999999999999	0	99999999999999999	73.36601307189544
1	302	1	306	89.15662650602411
1	427	1	540	85.98958333333333
1	402	1	480	91.26157407407409
0	99999999999999999	1	360	83.7996389891697
1	255	1	259	94.61130742049471
1	239	1	360	91.14963503649635
0	99999999999999999	1	152	91.66666666666667
0	99999999999999999	1	160	89.2379679144385
1	1450	1	1645	99.42942942942942
0	99999999999999999	0	99999999999999999	69.41707717569787
0	99999999999999999	0	99999999999999999	90.60121765601218
0	99999999999999999	0	99999999999999999	84.13223140495867
0	99999999999999999	1	540	88.13465783664459
0	99999999999999999	1	128	71.66666666666667
0	99999999999999999	1	468	93.63449691991785
0	99999999999999999	1	242	94.66292134831461
1	354	1	358	94.17539267015707
1	263	1	273	83.94461077844312
1	211	1	215	93.75
1	729	1	360	99.18449197860963
0	99999999999999999	0	99999999999999999	76.69421487603306
0	99999999999999999	0	99999999999999999	87.57763975155278
0	99999999999999999	0	99999999999999999	83.50474683544304
1	486	1	502	87.40512333965843
0	99999999999999999	1	606	89.29725363489499
1	439	1	420	96.62726008344924
1	282	1	360	87.53980891719746
1	257	1	261	90.4049295774648
0	99999999999999999	1	124	90.75704225352112
1	355	1	359	94.66145833333333
1	318	1	480	99.74042455006924
0	99999999999999999	1	480	74.96786632390744
1	417	0	99999999999999999	81.08308605341246
0	99999999999999999	0	99999999999999999	85.73390894819467
0	99999999999999999	1	153	88.42329545454545
1	364	1	368	87.91866028708134
1	230	1	360	91.14391143911438
0	99999999999999999	1	190	92.38095238095238
1	240	1	246	94.3139097744361
1	259	1	360	92.46031746031747
0	99999999999999999	1	315	92.16994382022473
0	99999999999999999	1	360	94.78021978021978
0	99999999999999999	0	99999999999999999	77.24
0	99999999999999999	0	99999999999999999	83.38114754098362
1	599	1	603	87.41961414790997
1	461	1	465	81.27422480620154
0	99999999999999999	0	99999999999999999	82.52688172043011
1	302	1	306	94.21921921921921
1	453	1	480	88.72663551401871
1	162	1	166	92.5531914893617
1	289	1	360	94.05864197530865
0	99999999999999999	1	360	95.56709265175718
0	99999999999999999	1	360	98.62845673505798
0	99999999999999999	0	99999999999999999	70.59748427672956
0	99999999999999999	1	636	91.3563829787234
1	157	1	161	76.73913043478261
0	99999999999999999	1	480	75.43316831683168
0	99999999999999999	1	480	81.02409638554217
0	99999999999999999	1	449	92.07708779443254
0	99999999999999999	1	184	88.33732057416267
1	272	1	276	92.71186440677965
1	231	1	235	90.85820895522389
0	99999999999999999	1	360	95.48429319371729
0	99999999999999999	1	173	93.29896907216495
0	99999999999999999	0	99999999999999999	73.71688741721853
0	99999999999999999	0	99999999999999999	80.3680981595092
0	99999999999999999	0	99999999999999999	88.01062091503269
0	99999999999999999	1	238	92.01127819548871
0	99999999999999999	1	179	79.44560669456067
0	99999999999999999	1	336	94.65277777777777
0	99999999999999999	1	204	85.03363228699551
0	99999999999999999	1	360	91.28664495114006
0	99999999999999999	1	360	97.75465498357065
1	259	1	362	95.60897435897436
0	99999999999999999	0	99999999999999999	78.44
0	99999999999999999	0	99999999999999999	82.70161290322582
0	99999999999999999	0	99999999999999999	84.50757575757575
1	295	1	420	85.13119533527697
1	236	1	240	94.29657794676807
1	294	1	420	95.44364508393285
0	99999999999999999	1	360	82.48299319727892
0	99999999999999999	1	420	92.58996212121211
1	197	1	298	94.04388714733543
0	99999999999999999	1	420	98.56902356902357
0	99999999999999999	1	360	99.3207712532866
0	99999999999999999	0	99999999999999999	85.87816455696203
0	99999999999999999	0	99999999999999999	81.2590448625181
0	99999999999999999	1	614	86.96428571428572
0	99999999999999999	1	480	76.65697674418604
0	99999999999999999	1	480	92.6470588235294
0	99999999999999999	1	195	92.45391705069126
1	112	1	420	97.11134453781511
0	99999999999999999	1	360	95.27542372881355
1	576	1	580	96.64735099337747
0	99999999999999999	1	360	96.92622950819673
1	1691	1	660	99.1831815747188
0	99999999999999999	0	99999999999999999	71.14754098360655
0	99999999999999999	0	99999999999999999	79.39967105263158
0	99999999999999999	0	99999999999999999	78.61538461538461
0	99999999999999999	0	99999999999999999	89.6964856230032
0	99999999999999999	1	480	78.43533487297921
1	240	1	360	95.09090909090908
0	99999999999999999	1	360	92.67241379310344
0	99999999999999999	1	331	93.01675977653632
1	346	1	350	85.64148681055157
0	99999999999999999	1	227	92.93478260869566
0	99999999999999999	1	360	99.07958852192745
0	99999999999999999	0	99999999999999999	73.14082278481013
1	490	1	494	88.10444874274661
1	565	1	569	90.92436974789915
0	99999999999999999	1	480	85.52971576227391
1	162	1	179	81.70600858369099
0	99999999999999999	1	360	92.13957055214722
0	99999999999999999	1	937	97.03367875647669
1	392	1	396	90.78798185941042
0	99999999999999999	1	360	95.74688796680499
0	99999999999999999	1	360	98.39549002601909
0	99999999999999999	0	99999999999999999	71.38157894736842
0	99999999999999999	0	99999999999999999	77.69413629160063
0	99999999999999999	1	420	93.32493702770782
0	99999999999999999	1	444	83.48825831702545
0	99999999999999999	1	420	84.9563953488372
0	99999999999999999	1	420	87.80405405405405
0	99999999999999999	1	188	85.05952380952381
0	99999999999999999	1	248	91.97416974169742
1	280	1	329	97.06521739130436
0	99999999999999999	1	360	86.96646341463415
0	99999999999999999	1	420	99.6866295264624
0	99999999999999999	0	99999999999999999	74.5689655172414
0	99999999999999999	0	99999999999999999	73.8391376451078
0	99999999999999999	0	99999999999999999	84.17159763313612
0	99999999999999999	1	551	89.4851657940663
0	99999999999999999	0	99999999999999999	88.81381381381381
0	99999999999999999	1	360	84.65743440233236
1	156	1	160	90.82446808510637
1	248	1	360	80.99529780564264
0	99999999999999999	1	360	93.31550802139037
1	154	1	277	94.82615894039736
1	1264	1	2126	99.09470752089138
0	99999999999999999	0	99999999999999999	80.23731587561373
0	99999999999999999	0	99999999999999999	78.50560897435898
0	99999999999999999	1	420	89.29618768328444
1	635	1	648	88.66666666666666
1	261	1	265	85.15358361774744
1	371	1	375	94.8125
1	189	1	199	84.23076923076923
0	99999999999999999	1	360	97.26482617586912
0	99999999999999999	1	129	90.54276315789474
0	99999999999999999	1	360	96.62162162162161
1	976	1	1224	98.60111910471622
0	99999999999999999	0	99999999999999999	80.54207119741099
1	188	1	192	89.97584541062803
1	279	1	283	91.04785478547853
0	99999999999999999	1	360	90.02707581227438
0	99999999999999999	1	420	93.35831062670299
0	99999999999999999	1	480	89.11290322580646
0	99999999999999999	1	143	90.2694610778443
0	99999999999999999	1	420	94.56233421750663
0	99999999999999999	1	300	96.14197530864199
1	868	1	480	97.92659675881791
1	170	1	199	86.87759336099585
0	99999999999999999	0	99999999999999999	76.20033112582782
0	99999999999999999	1	488	83.07104316546763
0	99999999999999999	0	99999999999999999	80.92209856915738
0	99999999999999999	1	260	91.04545454545455
1	206	1	224	89.68253968253968
0	99999999999999999	1	540	91.23293515358361
1	226	1	230	90.84302325581395
0	99999999999999999	1	360	91.15740740740742
1	262	1	410	96.75287356321839
0	99999999999999999	1	360	98.56801909307875
0	99999999999999999	1	160	88.32872928176795
0	99999999999999999	0	99999999999999999	75.45454545454545
0	99999999999999999	0	99999999999999999	79.87459546925565
0	99999999999999999	1	420	83.49184782608697
1	210	1	214	93.64224137931036
0	99999999999999999	1	360	92.65625
0	99999999999999999	1	249	92.40384615384616
1	301	1	535	96.89177101967799
0	99999999999999999	1	360	93.01359516616316
1	125	1	211	93.35106382978722
1	584	1	593	97.34172077922078
0	99999999999999999	1	470	97.22222222222223
0	99999999999999999	0	99999999999999999	77.59146341463415
0	99999999999999999	0	99999999999999999	81.421647819063
0	99999999999999999	1	254	82.50899280575538
0	99999999999999999	1	480	88.84032634032636
1	451	1	468	89.24808429118774
0	99999999999999999	1	402	92.97985781990522
0	99999999999999999	1	420	96.48318042813457
0	99999999999999999	1	480	88.91941391941391
1	459	1	420	98.0475040257649
1	527	1	1485	99.16888297872342
1	214	1	218	93.77572016460906
0	99999999999999999	0	99999999999999999	77.80944625407166
0	99999999999999999	1	524	83.42541436464087
0	99999999999999999	1	607	84.49920508744039
0	99999999999999999	0	99999999999999999	89.58641063515509
1	212	1	216	89.89361702127661
0	99999999999999999	1	480	91.09977324263039
1	213	1	229	91.5686274509804
0	99999999999999999	1	360	97.22222222222223
1	386	1	420	94.05034324942791
0	99999999999999999	1	360	97.15447154471545
1	972	1	976	98.9332329317269
0	99999999999999999	0	99999999999999999	76.91717791411044
0	99999999999999999	0	99999999999999999	80.57154605263156
0	99999999999999999	1	507	86.92528735632183
0	99999999999999999	1	480	81.29496402877697
0	99999999999999999	1	128	78.97058823529412
1	341	1	349	88.00125313283209
0	99999999999999999	1	360	93.01575931232091
1	425	1	420	97.23039215686275
0	99999999999999999	1	306	91.90950920245399
0	99999999999999999	1	360	97.00540958268934
1	1203	1	1207	98.64506927465362
0	99999999999999999	0	99999999999999999	75.31446540880502
1	485	1	489	84.44333996023856
0	99999999999999999	1	360	73.57954545454547
0	99999999999999999	1	219	89.16666666666666
0	99999999999999999	1	254	88.25892857142857
0	99999999999999999	1	420	75.43227665706053
0	99999999999999999	1	229	90.63745019920319
0	99999999999999999	1	154	91.3623595505618
1	235	1	350	96.13333333333333
0	99999999999999999	1	218	94.16666666666667
1	526	1	360	97.55379098360655
0	99999999999999999	0	99999999999999999	80.80357142857143
0	99999999999999999	1	182	84.64285714285714
0	99999999999999999	0	99999999999999999	83.11638591117918
0	99999999999999999	0	99999999999999999	90.58896210873147
1	250	1	254	92.11956521739131
0	99999999999999999	1	420	93.05555555555556
1	247	1	360	93.45238095238095
1	203	1	287	93.50961538461539
0	99999999999999999	1	253	91.0909090909091
0	99999999999999999	1	402	96.76573426573425
0	99999999999999999	1	139	74.32598039215686
0	99999999999999999	0	99999999999999999	83.44262295081968
0	99999999999999999	0	99999999999999999	82.9652996845426
0	99999999999999999	1	427	75.36382536382537
1	642	1	665	85.07597684515196
1	209	1	213	91.84322033898304
1	319	1	323	91.90544412607449
0	99999999999999999	1	163	73.79385964912281
1	274	1	278	81.71965317919074
1	375	1	480	98.73927038626609
1	174	1	352	95.43333333333332
1	240	1	360	93.46689895470385
0	99999999999999999	0	99999999999999999	74.52635914332782
0	99999999999999999	0	99999999999999999	85.52845528455283
0	99999999999999999	0	99999999999999999	79.79338842975207
0	99999999999999999	0	99999999999999999	87.3581847649919
1	238	1	360	90.39145907473309
0	99999999999999999	1	365	85.32482598607888
0	99999999999999999	1	243	88.47222222222221
1	138	1	240	91.29213483146067
1	163	1	173	79.16666666666666
0	99999999999999999	1	359	96.09788359788358
0	99999999999999999	1	360	98.93787361229718
0	99999999999999999	0	99999999999999999	75.70480928689884
0	99999999999999999	0	99999999999999999	75.51169590643275
0	99999999999999999	1	360	76.70265780730898
1	262	1	269	91.35593220338984
0	99999999999999999	1	191	86.30136986301369
1	462	1	466	93.27515400410678
0	99999999999999999	1	360	95.77464788732395
0	99999999999999999	1	480	94.2663043478261
0	99999999999999999	1	159	87.56756756756758
1	293	1	297	93.47993827160494
0	99999999999999999	1	138	89.96913580246913
0	99999999999999999	0	99999999999999999	65.42904290429043
0	99999999999999999	1	370	93.12185929648241
1	420	1	443	92.99363057324842
1	476	1	540	88.08035714285715
0	99999999999999999	0	99999999999999999	89.72929936305731
0	99999999999999999	1	195	89.84018264840182
0	99999999999999999	1	129	77.20588235294119
0	99999999999999999	1	600	92.83509700176367
1	138	1	215	92.96874999999999
0	99999999999999999	1	208	92.8648068669528
0	99999999999999999	1	160	88.92663043478262
