0	99999999999999999	0	99999999999999999	73.72742200328406
0	99999999999999999	1	420	76.80517711171662
0	99999999999999999	0	99999999999999999	81.77830940988835
0	99999999999999999	0	99999999999999999	84.60960960960962
0	99999999999999999	1	192	91.74418604651163
0	99999999999999999	1	124	91.25000000000001
1	206	1	210	88.98305084745763
0	99999999999999999	1	420	96.24855156431055
1	256	1	287	96.40522875816993
1	321	1	360	95.22251308900525
1	573	1	480	99.51609616951916
0	99999999999999999	0	99999999999999999	80.5008210180624
0	99999999999999999	0	99999999999999999	82.70161290322582
0	99999999999999999	0	99999999999999999	77.29037267080744
1	618	1	631	88.76339969372127
0	99999999999999999	1	360	95.2292899408284
1	273	1	277	84.56125827814569
0	99999999999999999	1	360	86.94852941176471
1	170	1	174	90.98258706467662
0	99999999999999999	1	420	94.87427466150871
0	99999999999999999	1	360	99.05660377358491
0	99999999999999999	1	360	97.38372093023256
0	99999999999999999	0	99999999999999999	70.1077943615257
0	99999999999999999	0	99999999999999999	81.00315955766193
0	99999999999999999	1	360	67.93300653594771
1	326	1	360	94.10511363636363
0	99999999999999999	1	380	91.66666666666667
0	99999999999999999	1	420	93.43565088757396
0	99999999999999999	1	364	92.44031830238725
1	240	1	360	92.13286713286712
1	696	1	660	98.15296566077004
0	99999999999999999	1	360	96.49122807017544
0	99999999999999999	1	360	96.13152804642166
1	545	1	549	82.51675041876047
0	99999999999999999	0	99999999999999999	78.53736089030205
1	608	1	612	85.67789968652036
0	99999999999999999	1	420	93.32682291666667
0	99999999999999999	1	198	84.32291666666667
1	317	1	325	94.06960227272728
0	99999999999999999	1	282	95.4656862745098
0	99999999999999999	1	191	80.67729083665338
0	99999999999999999	1	208	92.46794871794873
1	224	1	228	80.0
1	469	1	420	97.88602941176471
0	99999999999999999	0	99999999999999999	77.57048092868989
0	99999999999999999	1	360	85.04983388704319
0	99999999999999999	0	99999999999999999	81.05095541401273
0	99999999999999999	0	99999999999999999	87.44
0	99999999999999999	1	540	86.61437246963563
0	99999999999999999	1	154	91.00877192982455
0	99999999999999999	1	355	91.73280423280423
0	99999999999999999	1	360	78.0597014925373
0	99999999999999999	1	360	98.12588401697312
0	99999999999999999	1	232	86.1683848797251
0	99999999999999999	1	360	96.06031128404669
0	99999999999999999	0	99999999999999999	74.09983633387888
1	624	1	628	85.39412673879444
0	99999999999999999	0	99999999999999999	81.49300155520996
0	99999999999999999	1	127	74.99999999999999
1	318	1	322	87.96428571428572
0	99999999999999999	1	137	86.3993710691824
0	99999999999999999	1	144	87.05357142857144
0	99999999999999999	1	360	96.81151241534988
0	99999999999999999	1	360	84.57278481012656
1	392	1	360	96.06205250596659
1	1345	1	1480	98.97976111479761
0	99999999999999999	0	99999999999999999	72.59535655058043
0	99999999999999999	0	99999999999999999	82.57936507936508
0	99999999999999999	0	99999999999999999	84.52768729641696
0	99999999999999999	1	262	88.58885017421605
0	99999999999999999	1	542	87.73344651952462
0	99999999999999999	1	480	88.49397590361446
0	99999999999999999	1	190	92.84037558685446
0	99999999999999999	1	203	93.32959641255606
1	493	1	540	98.16455696202533
0	99999999999999999	1	156	92.70833333333334
1	233	1	348	97.0608108108108
0	99999999999999999	0	99999999999999999	74.0110759493671
0	99999999999999999	0	99999999999999999	88.77151799687012
0	99999999999999999	0	99999999999999999	84.1091492776886
0	99999999999999999	0	99999999999999999	87.75964391691394
0	99999999999999999	1	159	92.73097826086956
1	278	1	282	91.97882736156352
0	99999999999999999	1	244	84.06148867313917
0	99999999999999999	1	360	91.5282392026578
1	428	1	432	96.62087912087912
1	217	1	264	93.19349315068493
0	99999999999999999	1	612	97.37460815047024
0	99999999999999999	0	99999999999999999	81.00315955766193
0	99999999999999999	0	99999999999999999	77.42200328407226
0	99999999999999999	1	360	76.72413793103448
0	99999999999999999	1	372	92.00507614213197
1	230	1	360	90.62499999999999
1	200	1	204	84.82142857142857
1	363	1	367	92.6898734177215
0	99999999999999999	1	251	95.94339622641509
0	99999999999999999	1	270	93.21672354948805
1	1685	1	1689	99.03790087463557
0	99999999999999999	1	360	94.70620842572063
0	99999999999999999	0	99999999999999999	78.42409240924091
0	99999999999999999	0	99999999999999999	85.9425566343042
1	626	1	630	86.87118902439025
0	99999999999999999	1	360	85.57377049180326
0	99999999999999999	1	372	83.82537688442211
1	594	1	598	93.11102236421725
1	262	1	266	92.46575342465754
0	99999999999999999	1	135	90.76086956521739
0	99999999999999999	1	133	81.88291139240506
0	99999999999999999	1	360	95.07238307349667
0	99999999999999999	1	360	96.95652173913044
0	99999999999999999	0	99999999999999999	76.87101910828025
0	99999999999999999	1	360	87.5925925925926
1	130	1	133	71.26865671641792
1	192	1	227	86.02941176470588
1	615	1	622	87.24609375
0	99999999999999999	1	140	91.39221556886227
1	217	1	223	83.02951388888889
0	99999999999999999	1	142	91.33435582822086
1	298	1	360	92.94117647058823
1	276	1	418	96.1042600896861
1	316	1	320	88.08593749999999
0	99999999999999999	0	99999999999999999	74.21487603305785
0	99999999999999999	1	386	92.33374384236454
0	99999999999999999	0	99999999999999999	91.53905053598776
1	608	1	612	89.61661341853035
1	606	1	610	91.0377358490566
0	99999999999999999	1	420	88.90339425587467
0	99999999999999999	1	216	92.91845493562231
0	99999999999999999	1	176	94.27860696517413
0	99999999999999999	1	124	89.33333333333334
1	958	1	1286	98.59208523592085
0	99999999999999999	1	304	93.90432098765433
0	99999999999999999	0	99999999999999999	80.24256651017214
0	99999999999999999	1	436	84.26767676767678
0	99999999999999999	1	360	82.60869565217392
0	99999999999999999	0	99999999999999999	85.9098228663446
1	250	1	254	86.33928571428572
0	99999999999999999	1	540	87.09600760456273
1	182	1	195	81.85146443514644
1	283	1	287	91.6796875
0	99999999999999999	1	360	95.42410714285714
1	313	1	360	96.99754901960785
1	1057	1	1065	95.74468085106383
0	99999999999999999	0	99999999999999999	73.21724709784411
0	99999999999999999	0	99999999999999999	69.25619834710744
0	99999999999999999	1	252	88.89891696750902
1	158	1	163	73.96288209606988
0	99999999999999999	1	455	87.93995859213251
0	99999999999999999	1	228	93.92292490118577
0	99999999999999999	1	213	92.3076923076923
1	276	1	360	93.30254041570439
1	388	1	360	94.62174940898345
0	99999999999999999	1	360	97.87703804347825
0	99999999999999999	1	360	96.73748103186647
0	99999999999999999	0	99999999999999999	73.21724709784411
0	99999999999999999	0	99999999999999999	82.408940397351
0	99999999999999999	1	480	76.3676844783715
0	99999999999999999	1	540	96.88807531380755
1	190	1	194	79.05405405405406
0	99999999999999999	1	496	95.35163776493256
0	99999999999999999	1	124	91.83333333333331
1	249	1	278	92.72875816993465
1	231	1	236	81.87086092715232
0	99999999999999999	1	325	92.8622159090909
0	99999999999999999	1	193	84.84669811320755
0	99999999999999999	0	99999999999999999	75.62199036918138
0	99999999999999999	0	99999999999999999	69.03100775193799
1	354	1	480	81.59203980099502
1	658	1	660	90.28184480234262
0	99999999999999999	0	99999999999999999	86.23366013071895
1	190	1	194	92.03488372093024
1	207	1	301	96.14197530864199
1	257	1	360	94.93569131832797
1	383	1	387	94.59951456310681
1	1176	1	600	99.22342814371258
0	99999999999999999	1	360	98.16137566137564
0	99999999999999999	0	99999999999999999	68.91447368421052
0	99999999999999999	0	99999999999999999	77.12191358024691
1	358	1	480	87.11340206185567
0	99999999999999999	1	660	82.76639344262294
0	99999999999999999	1	188	89.2605633802817
1	330	1	360	94.86301369863014
1	186	1	264	90.10600706713781
1	326	1	360	89.20612813370474
0	99999999999999999	1	304	94.01355421686746
0	99999999999999999	1	360	97.2206385404789
0	99999999999999999	1	278	94.27257525083613
0	99999999999999999	0	99999999999999999	78.81426202321725
0	99999999999999999	0	99999999999999999	85.11996904024768
0	99999999999999999	1	438	86.81865828092243
1	648	1	652	91.03460972017673
1	412	1	416	90.17653758542141
0	99999999999999999	1	183	84.3888888888889
1	244	1	360	97.2064393939394
1	240	1	360	88.91509433962264
0	99999999999999999	1	231	90.78185328185329
1	149	1	153	87.56544502617801
0	99999999999999999	1	271	91.79421768707483
0	99999999999999999	0	99999999999999999	82.13696369636963
0	99999999999999999	0	99999999999999999	82.2779605263158
0	99999999999999999	1	244	87.26591760299625
1	198	1	202	74.04214559386973
0	99999999999999999	1	360	90.30701754385964
0	99999999999999999	1	423	92.58333333333334
1	179	1	184	80.9
0	99999999999999999	1	360	96.40688259109311
0	99999999999999999	1	194	87.55681818181819
0	99999999999999999	1	360	97.09821428571429
0	99999999999999999	1	420	98.68340477648499
0	99999999999999999	0	99999999999999999	78.63349131121643
0	99999999999999999	0	99999999999999999	72.23597359735975
0	99999999999999999	1	360	88.74007936507935
0	99999999999999999	1	534	84.18594306049822
0	99999999999999999	1	270	92.3564189189189
0	99999999999999999	1	420	93.21329639889196
0	99999999999999999	1	211	91.90848214285714
1	425	1	429	96.30743982494529
0	99999999999999999	1	360	93.18181818181817
0	99999999999999999	1	360	96.30606860158312
0	99999999999999999	1	360	96.26556016597509
0	99999999999999999	0	99999999999999999	69.02800658978583
1	238	1	242	80.25889967637539
0	99999999999999999	1	188	82.7991452991453
0	99999999999999999	1	420	90.88196286472149
0	99999999999999999	1	309	83.80597014925371
1	215	1	219	93.72384937238496
1	303	1	307	92.6051051051051
0	99999999999999999	1	235	91.61877394636015
1	336	1	360	93.53785900783289
1	244	1	360	92.56272401433692
0	99999999999999999	1	360	94.91304347826087
0	99999999999999999	0	99999999999999999	67.10317460317462
0	99999999999999999	1	360	74.30327868852459
0	99999999999999999	1	245	92.3611111111111
0	99999999999999999	1	304	94.81424148606811
0	99999999999999999	0	99999999999999999	87.39935587761674
1	283	1	287	94.12698412698413
1	373	1	842	98.92939814814814
0	99999999999999999	1	480	96.01449275362319
0	99999999999999999	1	179	92.52450980392157
1	162	1	166	87.32558139534882
1	3073	1	3077	99.35546245568804
0	99999999999999999	0	99999999999999999	78.46311475409836
0	99999999999999999	0	99999999999999999	74.71358428805237
0	99999999999999999	0	99999999999999999	81.07199367088606
0	99999999999999999	1	360	77.94354838709678
1	673	1	704	92.30235783633843
0	99999999999999999	1	197	94.81132075471697
0	99999999999999999	1	184	88.82211538461539
0	99999999999999999	1	249	91.69675090252707
0	99999999999999999	1	133	78.515625
1	221	1	296	94.53125
1	337	1	345	96.21934604904634
0	99999999999999999	0	99999999999999999	73.23190789473685
0	99999999999999999	0	99999999999999999	79.66772151898734
0	99999999999999999	0	99999999999999999	80.62700964630226
1	288	1	360	91.43730886850152
0	99999999999999999	1	360	88.78865979381445
0	99999999999999999	1	480	93.783542039356
0	99999999999999999	1	749	97.96511627906978
0	99999999999999999	1	268	94.07894736842104
0	99999999999999999	1	360	94.24676524953789
0	99999999999999999	1	285	94.29260450160773
1	264	1	293	94.61477987421384
1	248	1	252	82.8971119133574
0	99999999999999999	1	570	79.38448566610455
0	99999999999999999	0	99999999999999999	82.2107438016529
1	309	1	313	90.19970414201183
0	99999999999999999	1	149	85.80508474576271
0	99999999999999999	1	184	82.77777777777779
0	99999999999999999	1	420	93.46049046321525
0	99999999999999999	1	188	93.8953488372093
0	99999999999999999	1	172	80.37234042553192
0	99999999999999999	1	360	96.34760705289673
0	99999999999999999	1	270	96.42241379310344
0	99999999999999999	0	99999999999999999	74.46102819237147
0	99999999999999999	0	99999999999999999	86.47011308562197
0	99999999999999999	1	371	92.75456919060052
1	640	1	644	88.36206896551724
0	99999999999999999	1	240	90.60114503816793
0	99999999999999999	1	175	80.33472803347281
1	264	1	268	88.77551020408163
0	99999999999999999	1	360	89.80362537764351
1	205	1	209	92.57478632478633
0	99999999999999999	1	600	96.31666666666666
0	99999999999999999	1	360	98.41729067392785
0	99999999999999999	1	543	83.0246913580247
0	99999999999999999	1	425	91.63870246085011
1	279	1	283	85.10551948051948
1	454	1	458	90.89730290456433
0	99999999999999999	1	360	91.50116822429908
0	99999999999999999	1	219	86.53061224489795
0	99999999999999999	1	184	90.08413461538461
0	99999999999999999	1	763	95.72663252240719
1	254	1	258	95.26785714285714
0	99999999999999999	1	126	91.25
0	99999999999999999	1	360	97.9378818737271
0	99999999999999999	0	99999999999999999	72.37704918032786
0	99999999999999999	0	99999999999999999	82.78041074249604
0	99999999999999999	0	99999999999999999	84.78964401294499
0	99999999999999999	1	133	90.625
0	99999999999999999	1	360	83.53115727002967
1	246	1	360	87.62755102040815
1	442	1	446	91.84670781893006
0	99999999999999999	1	259	94.08127208480565
0	99999999999999999	1	360	87.5
0	99999999999999999	1	360	97.80023781212842
0	99999999999999999	1	123	87.5
0	99999999999999999	0	99999999999999999	74.95860927152319
0	99999999999999999	0	99999999999999999	87.33283803863299
0	99999999999999999	1	600	84.72222222222223
0	99999999999999999	1	182	90.77970297029704
1	317	1	321	93.0072463768116
1	382	1	386	89.76449275362319
0	99999999999999999	1	211	90.59873949579831
0	99999999999999999	1	154	84.08505154639175
0	99999999999999999	1	360	96.2962962962963
0	99999999999999999	1	360	97.60273972602741
1	691	1	600	98.52272727272728
0	99999999999999999	0	99999999999999999	71.26984126984128
0	99999999999999999	0	99999999999999999	86.07253086419753
1	277	1	294	89.2063492063492
0	99999999999999999	1	182	78.6144578313253
1	278	1	360	89.98397435897436
0	99999999999999999	1	129	87.16666666666667
0	99999999999999999	1	258	93.35106382978722
1	135	1	202	94.28251121076232
1	219	1	223	92.39999999999999
0	99999999999999999	1	420	90.9629981024668
0	99999999999999999	1	276	92.35641891891892
0	99999999999999999	0	99999999999999999	80.92209856915738
0	99999999999999999	0	99999999999999999	82.96387520525452
0	99999999999999999	1	480	88.57758620689656
0	99999999999999999	0	99999999999999999	88.25158227848104
0	99999999999999999	1	540	86.96213425129088
1	324	1	360	96.55283505154638
1	406	1	410	90.72867298578198
1	234	1	360	89.54545454545455
1	284	1	500	97.52380952380952
1	180	1	190	78.83466135458167
0	99999999999999999	1	420	92.35015772870662
0	99999999999999999	0	99999999999999999	78.01724137931035
0	99999999999999999	0	99999999999999999	75.20593080724878
1	416	1	429	79.41478439425052
1	229	1	242	90.77715355805243
0	99999999999999999	1	279	90.32392026578073
1	320	1	324	81.76020408163265
0	99999999999999999	1	222	85.21897810218978
1	885	1	889	97.79331140350877
1	227	1	260	95.69597069597069
0	99999999999999999	1	360	97.32389502762432
0	99999999999999999	1	360	97.39197530864197
0	99999999999999999	1	663	85.52342606149341
0	99999999999999999	0	99999999999999999	83.31270627062705
0	99999999999999999	0	99999999999999999	84.672131147541
0	99999999999999999	1	360	91.66666666666666
0	99999999999999999	1	471	88.52911646586347
1	336	1	340	86.76092544987145
1	248	1	593	97.62965964343599
1	320	1	324	94.40028901734104
0	99999999999999999	1	323	93.56725146198829
1	1421	1	1540	99.04275686024252
0	99999999999999999	1	778	97.0118898623279
0	99999999999999999	0	99999999999999999	74.0924092409241
0	99999999999999999	0	99999999999999999	82.69230769230768
0	99999999999999999	0	99999999999999999	82.36245954692555
0	99999999999999999	1	192	90.13761467889907
1	545	1	549	89.78070175438596
0	99999999999999999	1	417	92.4097065462754
0	99999999999999999	1	420	90.27366863905326
0	99999999999999999	1	174	92.01570680628272
1	316	1	420	94.93589743589746
0	99999999999999999	1	360	98.07027649769583
0	99999999999999999	1	1785	98.98424543946932
0	99999999999999999	0	99999999999999999	71.55591572123177
0	99999999999999999	0	99999999999999999	80.3688524590164
0	99999999999999999	0	99999999999999999	87.6510574018127
1	241	1	360	93.7279151943463
0	99999999999999999	1	427	84.87113402061856
1	257	1	261	83.29545454545453
1	182	1	186	89.01869158878505
0	99999999999999999	1	157	90.87837837837837
0	99999999999999999	1	360	98.2276119402985
1	2520	1	4647	99.77525684931507
0	99999999999999999	0	99999999999999999	74.60443037974683
0	99999999999999999	1	184	88.48039215686275
0	99999999999999999	0	99999999999999999	84.30511182108626
0	99999999999999999	1	540	87.97405189620758
1	188	1	192	90.58219178082192
1	227	1	242	90.23148148148147
0	99999999999999999	1	357	92.8050397877984
0	99999999999999999	1	420	93.48290598290598
0	99999999999999999	1	242	92.72388059701493
1	646	1	360	97.8134110787172
1	617	1	800	98.26178960096735
0	99999999999999999	0	99999999999999999	74.46102819237147
0	99999999999999999	0	99999999999999999	81.260162601626
0	99999999999999999	0	99999999999999999	76.18078175895766
0	99999999999999999	1	315	91.23134328358209
1	229	1	242	93.50198412698413
0	99999999999999999	1	190	84.21874999999999
1	205	1	236	89.35688405797102
0	99999999999999999	1	346	90.21447721179625
1	173	1	177	86.94029850746269
1	389	1	393	95.68452380952381
0	99999999999999999	1	360	99.0377947295423
0	99999999999999999	0	99999999999999999	73.51046698872786
0	99999999999999999	0	99999999999999999	86.40384615384615
0	99999999999999999	1	600	73.63425925925927
1	336	1	340	95.17663043478261
0	99999999999999999	1	127	83.55263157894736
0	99999999999999999	1	360	85.69587628865979
0	99999999999999999	1	480	94.53671328671328
1	287	1	291	87.86443148688045
1	588	1	791	97.43589743589743
1	413	1	1775	99.14630760688506
0	99999999999999999	1	360	98.49780701754386
0	99999999999999999	0	99999999999999999	78.52459016393442
0	99999999999999999	0	99999999999999999	74.7181964573269
0	99999999999999999	0	99999999999999999	91.56000000000002
0	99999999999999999	0	99999999999999999	87.32503888024884
0	99999999999999999	1	480	84.45184426229508
1	303	1	350	86.73333333333333
0	99999999999999999	1	156	90.5027932960894
1	189	1	202	85.32608695652175
1	597	1	877	99.30790960451978
1	197	1	656	98.5
0	99999999999999999	1	1278	98.58545034642032
0	99999999999999999	0	99999999999999999	76.09953703703704
0	99999999999999999	1	360	85.56985294117648
0	99999999999999999	0	99999999999999999	85.50373134328359
0	99999999999999999	1	449	81.7144373673036
0	99999999999999999	1	447	87.548828125
0	99999999999999999	1	420	91.77827380952381
1	222	1	416	96.20949074074073
1	214	1	222	92.89314516129032
0	99999999999999999	1	406	97.44117647058823
0	99999999999999999	1	216	90.21516393442622
0	99999999999999999	1	360	87.62755102040816
0	99999999999999999	0	99999999999999999	74.09983633387888
0	99999999999999999	0	99999999999999999	74.01107594936708
0	99999999999999999	0	99999999999999999	81.61337209302326
0	99999999999999999	0	99999999999999999	88.12689969604864
0	99999999999999999	1	379	92.19858156028369
1	333	1	337	90.11707988980717
1	341	1	420	92.54498714652956
0	99999999999999999	1	360	96.51604729729729
1	322	1	326	95.76086956521739
1	275	1	360	97.72574123989219
0	99999999999999999	1	360	96.83483290488431
0	99999999999999999	1	480	80.39634146341464
0	99999999999999999	0	99999999999999999	83.3739837398374
1	411	1	415	87.72675736961452
1	556	1	560	92.6672384219554
0	99999999999999999	1	420	95.45454545454544
1	276	1	360	89.42622950819671
1	280	1	360	91.02941176470588
1	333	1	337	95.25139664804469
0	99999999999999999	1	420	95.53370786516854
1	1633	1	3754	99.63916843220338
0	99999999999999999	1	219	94.05737704918033
0	99999999999999999	0	99999999999999999	78.81832797427651
0	99999999999999999	0	99999999999999999	87.9471544715447
1	675	1	679	88.32496413199428
1	193	1	197	71.54356060606061
1	588	0	99999999999999999	86.55834564254063
1	132	1	139	77.1551724137931
1	283	1	287	91.79566563467493
1	195	1	299	95.20123839009288
1	211	1	274	96.03658536585365
1	763	1	480	99.0857406269207
0	99999999999999999	1	255	96.02678571428571
0	99999999999999999	0	99999999999999999	66.48311306901616
0	99999999999999999	0	99999999999999999	78.88808139534883
0	99999999999999999	0	99999999999999999	76.08370702541106
1	264	1	268	87.41554054054055
0	99999999999999999	1	124	73.66310160427808
0	99999999999999999	1	360	92.00530035335689
0	99999999999999999	1	257	93.0263157894737
1	315	1	319	94.13043478260869
1	296	1	308	95.99697885196376
0	99999999999999999	1	360	95.57186234817813
1	258	1	360	97.21467391304347
0	99999999999999999	0	99999999999999999	84.39542483660131
0	99999999999999999	0	99999999999999999	86.4715189873418
0	99999999999999999	0	99999999999999999	84.8694942903752
0	99999999999999999	1	182	94.9375
0	99999999999999999	1	153	90.64245810055867
0	99999999999999999	1	248	87.8623188405797
0	99999999999999999	1	149	86.78160919540231
1	229	1	233	91.85823754789273
0	99999999999999999	1	206	93.45238095238093
1	181	1	185	84.01041666666666
0	99999999999999999	1	360	98.30816554809843
0	99999999999999999	0	99999999999999999	72.07062600321028
0	99999999999999999	0	99999999999999999	80.73412698412699
0	99999999999999999	0	99999999999999999	82.54560530679933
1	328	1	332	91.72636103151864
0	99999999999999999	1	553	91.4802065404475
0	99999999999999999	1	142	92.06586826347305
1	324	1	328	86.32478632478633
1	264	1	360	97.16705607476636
1	216	1	220	93.26530612244898
0	99999999999999999	1	249	86.96546052631578
0	99999999999999999	1	360	99.46076417419884
0	99999999999999999	0	99999999999999999	80.32591414944356
0	99999999999999999	1	401	89.41387559808614
0	99999999999999999	0	99999999999999999	78.01302931596089
1	627	1	631	87.6929012345679
0	99999999999999999	1	422	85.09814049586775
0	99999999999999999	1	360	92.51760563380282
1	247	1	360	92.86570743405275
0	99999999999999999	1	220	90.99794238683127
0	99999999999999999	1	360	95.37037037037037
1	438	1	420	97.19750889679716
1	170	1	174	90.07537688442211
0	99999999999999999	0	99999999999999999	73.11165845648604
0	99999999999999999	0	99999999999999999	85.60725552050472
0	99999999999999999	1	600	82.90719696969698
0	99999999999999999	1	480	76.40845070422536
0	99999999999999999	1	202	87.4451754385965
0	99999999999999999	1	306	90.67278287461774
0	99999999999999999	1	196	94.30232558139535
1	333	1	420	95.2024647887324
1	313	1	317	95.94395280235989
0	99999999999999999	1	445	95.10638297872339
1	2640	1	480	99.62335918854416
0	99999999999999999	0	99999999999999999	70.49586776859505
0	99999999999999999	0	99999999999999999	80.71808510638299
0	99999999999999999	0	99999999999999999	85.78795379537954
0	99999999999999999	1	480	81.74460431654677
1	169	1	173	81.05203619909501
0	99999999999999999	1	540	95.12320328542094
1	384	1	420	95.8981612446959
1	232	1	236	92.01923076923076
1	233	1	360	94.5141065830721
0	99999999999999999	1	360	97.8785569105691
1	772	1	660	99.52737940026076
0	99999999999999999	0	99999999999999999	80.03144654088051
0	99999999999999999	0	99999999999999999	75.44354838709677
0	99999999999999999	0	99999999999999999	82.2758358662614
0	99999999999999999	1	564	89.6594684385382
1	693	1	706	86.98840381991813
0	99999999999999999	1	146	73.72093023255813
0	99999999999999999	1	246	85.99452554744525
1	333	1	344	94.52702702702705
0	99999999999999999	1	146	92.00581395348836
0	99999999999999999	1	375	96.57663316582914
1	3385	1	3413	99.04152199074073
0	99999999999999999	0	99999999999999999	76.6532258064516
1	505	1	509	85.65764925373136
0	99999999999999999	1	397	89.50945626477541
0	99999999999999999	0	99999999999999999	87.10691823899371
0	99999999999999999	1	360	89.1914191419142
0	99999999999999999	1	303	90.63455657492355
1	180	1	256	94.83985765124555
0	99999999999999999	1	360	94.96173469387756
0	99999999999999999	1	269	91.921768707483
1	220	1	293	92.16772151898735
1	2106	1	2110	99.08079625292741
0	99999999999999999	0	99999999999999999	82.0967741935484
0	99999999999999999	0	99999999999999999	86.21842496285288
0	99999999999999999	1	360	74.79707792207793
1	331	1	399	86.52941176470588
1	249	1	253	85.40940766550523
0	99999999999999999	1	170	90.17857142857143
0	99999999999999999	1	360	88.07218309859154
0	99999999999999999	1	360	96.15524781341108
0	99999999999999999	1	149	76.08173076923077
1	251	1	255	89.6643109540636
0	99999999999999999	1	140	86.25690607734806
0	99999999999999999	0	99999999999999999	77.40228013029316
0	99999999999999999	0	99999999999999999	83.50722311396468
0	99999999999999999	1	360	79.16666666666666
0	99999999999999999	0	99999999999999999	77.1986970684039
0	99999999999999999	1	327	89.92587601078168
0	99999999999999999	1	137	89.99999999999999
1	365	1	452	90.54621848739495
0	99999999999999999	1	138	89.39393939393939
1	215	1	600	99.0
0	99999999999999999	1	124	84.56896551724137
1	1384	1	360	98.84228187919464
0	99999999999999999	0	99999999999999999	77.18646864686468
0	99999999999999999	0	99999999999999999	83.63708399366084
0	99999999999999999	1	480	87.37113402061854
1	118	1	123	69.97354497354497
0	99999999999999999	1	165	91.66666666666667
0	99999999999999999	1	420	88.26593137254902
0	99999999999999999	1	540	92.08015267175574
1	298	1	360	95.32828282828282
1	190	1	243	93.3085501858736
0	99999999999999999	1	360	88.64705882352942
1	219	1	223	92.84274193548387
0	99999999999999999	0	99999999999999999	76.29449838187702
1	485	1	489	82.21057884231539
0	99999999999999999	1	136	86.97289156626506
0	99999999999999999	0	99999999999999999	85.90425531914893
0	99999999999999999	1	600	89.7424511545293
0	99999999999999999	1	420	92.44505494505495
1	198	1	284	95.45081967213115
1	143	1	392	96.77804295942721
1	258	1	457	98.09725158562368
0	99999999999999999	1	360	96.75655976676384
0	99999999999999999	1	142	74.08536585365853
0	99999999999999999	0	99999999999999999	77.8052805280528
0	99999999999999999	1	488	74.14047151277015
1	425	1	429	84.34265010351966
1	268	1	275	94.60702341137123
0	99999999999999999	1	181	79.89795918367348
0	99999999999999999	1	133	86.93181818181817
0	99999999999999999	1	540	93.90086206896552
0	99999999999999999	1	360	80.85443037974683
0	99999999999999999	1	147	82.08333333333333
0	99999999999999999	1	280	87.7840909090909
1	1011	1	360	97.83427495291903
0	99999999999999999	0	99999999999999999	71.99835526315789
0	99999999999999999	0	99999999999999999	75.5192878338279
0	99999999999999999	0	99999999999999999	90.51932367149759
0	99999999999999999	1	480	86.77884615384616
1	383	1	387	92.02063106796118
1	580	1	584	93.56617647058823
0	99999999999999999	1	133	85.65705128205127
1	382	1	360	94.93778280542988
0	99999999999999999	1	360	93.72197309417041
1	146	1	159	79.18552036199094
0	99999999999999999	1	360	99.29202192448234
0	99999999999999999	0	99999999999999999	69.30327868852459
0	99999999999999999	0	99999999999999999	77.8052805280528
1	511	1	515	88.14575645756457
0	99999999999999999	0	99999999999999999	79.64669738863286
1	216	1	220	90.99794238683128
0	99999999999999999	1	420	88.9247311827957
1	215	1	219	90.1639344262295
0	99999999999999999	1	216	88.26530612244899
0	99999999999999999	1	360	96.04200323101777
0	99999999999999999	1	660	93.19852941176471
0	99999999999999999	1	344	94.96621621621622
0	99999999999999999	1	185	79.149377593361
0	99999999999999999	0	99999999999999999	81.41233766233766
1	475	1	600	91.67435424354244
0	99999999999999999	0	99999999999999999	84.45616883116884
0	99999999999999999	1	454	91.33611691022963
1	258	1	262	87.36462093862816
0	99999999999999999	1	126	86.75
0	99999999999999999	1	140	91.1144578313253
1	338	1	342	93.93631436314362
0	99999999999999999	1	213	87.45210727969348
1	286	1	290	89.88095238095238
0	99999999999999999	0	99999999999999999	66.58576051779934
0	99999999999999999	0	99999999999999999	74.95928338762215
1	494	0	99999999999999999	83.42981186685961
0	99999999999999999	1	248	93.27651515151514
0	99999999999999999	0	99999999999999999	90.62024353120243
0	99999999999999999	1	224	92.6321138211382
1	202	1	206	93.63839285714285
1	256	1	360	92.71523178807946
0	99999999999999999	1	420	92.91012216404887
0	99999999999999999	1	327	97.11815561959655
0	99999999999999999	1	360	97.1092925026399
0	99999999999999999	0	99999999999999999	82.28827361563519
0	99999999999999999	1	360	82.16981132075472
1	433	1	451	86.9942196531792
1	161	1	243	95.18129770992365
0	99999999999999999	1	360	90.1268115942029
0	99999999999999999	1	480	92.56993006993007
0	99999999999999999	1	420	85.0864553314121
1	359	1	363	95.6298200514139
1	236	1	334	93.22331460674158
1	396	1	480	97.93646080760095
1	234	1	238	92.05827067669173
0	99999999999999999	0	99999999999999999	78.49593495934958
0	99999999999999999	0	99999999999999999	82.4609375
1	237	1	360	92.1875
0	99999999999999999	1	255	85.57347670250897
1	338	1	420	80.99397590361446
0	99999999999999999	1	360	88.17114093959731
0	99999999999999999	1	160	79.32242990654207
1	257	1	360	94.86040609137055
1	332	1	336	93.76731301939057
0	99999999999999999	1	159	78.31858407079646
1	2125	1	5994	99.77979059331892
0	99999999999999999	0	99999999999999999	78.39607201309327
0	99999999999999999	1	480	75.89498806682576
1	323	1	341	80.93922651933701
1	246	1	360	86.32550335570471
0	99999999999999999	1	146	87.94378698224851
0	99999999999999999	1	360	79.75092250922509
0	99999999999999999	1	360	96.8804920913884
0	99999999999999999	1	185	94.29611650485438
0	99999999999999999	1	420	94.59325396825396
0	99999999999999999	1	360	94.45843828715365
0	99999999999999999	1	360	97.02258726899385
0	99999999999999999	0	99999999999999999	82.26963746223565
0	99999999999999999	1	600	92.28456913827655
1	359	1	363	88.62179487179488
1	593	1	597	90.92
0	99999999999999999	1	295	90.44117647058823
0	99999999999999999	1	420	94.91379310344827
0	99999999999999999	1	245	92.08333333333334
1	292	1	296	93.63207547169812
0	99999999999999999	1	360	97.54206098843324
0	99999999999999999	1	150	90.88235294117646
1	631	1	540	99.09
0	99999999999999999	0	99999999999999999	81.72599337748345
0	99999999999999999	0	99999999999999999	78.314696485623
1	536	1	660	87.13235294117646
1	442	1	446	88.36382113821138
1	413	1	417	92.97404063205418
0	99999999999999999	1	360	91.13700564971751
0	99999999999999999	1	137	88.91509433962264
1	176	1	180	82.85398230088494
0	99999999999999999	1	277	94.66666666666669
0	99999999999999999	1	360	96.31147540983606
0	99999999999999999	1	360	96.10995850622405
0	99999999999999999	0	99999999999999999	79.82315112540194
0	99999999999999999	0	99999999999999999	81.51815181518153
1	247	1	360	83.67437722419928
0	99999999999999999	0	99999999999999999	89.51863354037268
0	99999999999999999	1	360	92.09621993127149
0	99999999999999999	1	207	89.56521739130433
0	99999999999999999	1	504	93.28571428571429
1	250	1	326	94.83618233618233
1	533	1	360	97.20767888307155
0	99999999999999999	1	360	97.04483695652175
0	99999999999999999	1	360	98.69729514717582
0	99999999999999999	0	99999999999999999	74.96056782334385
0	99999999999999999	1	480	80.41569086651053
1	603	1	616	86.99534161490683
0	99999999999999999	1	348	91.27673796791443
0	99999999999999999	1	360	76.51143790849673
1	125	1	225	91.5836653386454
0	99999999999999999	1	420	92.33021077283372
1	196	1	343	96.19565217391305
1	909	1	1134	98.79414298018949
0	99999999999999999	1	360	97.80195381882771
1	132	1	138	92.8030303030303
0	99999999999999999	0	99999999999999999	74.1283676703645
1	268	1	272	88.68243243243244
0	99999999999999999	0	99999999999999999	85.17628205128206
1	191	1	195	90.47085201793722
0	99999999999999999	1	221	92.27178423236514
1	316	1	320	94.71153846153845
0	99999999999999999	1	360	80.90277777777779
0	99999999999999999	1	420	94.33842239185752
1	130	1	168	89.11691542288557
1	191	1	230	89.00193798449612
0	99999999999999999	1	352	96.19708994708995
0	99999999999999999	1	136	87.50000000000001
0	99999999999999999	0	99999999999999999	80.75684380032206
0	99999999999999999	0	99999999999999999	91.90944881889764
1	415	1	419	93.5493119266055
1	173	1	188	85.2112676056338
0	99999999999999999	1	420	91.60502958579882
1	174	1	223	94.87447698744771
1	258	1	262	95.32374100719423
1	339	1	343	90.625
0	99999999999999999	1	360	98.01136363636365
1	702	1	360	98.202170963365
1	377	1	381	79.91955445544555
0	99999999999999999	0	99999999999999999	74.84251968503936
0	99999999999999999	1	401	90.91705607476636
0	99999999999999999	1	303	90.1376146788991
1	184	1	188	80.95991561181435
1	350	1	354	87.59816753926702
1	300	1	360	96.78947368421052
0	99999999999999999	1	360	95.9507042253521
0	99999999999999999	1	360	98.37511606313835
0	99999999999999999	1	271	84.51492537313432
0	99999999999999999	1	360	98.16960148285449
0	99999999999999999	0	99999999999999999	80.0968992248062
0	99999999999999999	0	99999999999999999	83.51806239737274
0	99999999999999999	1	446	82.1985446985447
0	99999999999999999	1	360	78.50719424460432
0	99999999999999999	1	260	94.24107142857143
1	582	1	600	91.33738601823707
0	99999999999999999	1	422	92.97222222222223
1	339	1	360	95.82585278276481
0	99999999999999999	1	360	96.04722792607802
1	187	1	241	92.76315789473684
0	99999999999999999	1	360	98.44827586206897
0	99999999999999999	0	99999999999999999	71.97346600331674
0	99999999999999999	0	99999999999999999	79.81617647058823
1	428	1	555	93.61525704809287
1	422	1	426	92.66183035714286
0	99999999999999999	1	252	86.65178571428572
0	99999999999999999	1	345	91.50943396226415
1	191	1	195	91.43518518518518
1	303	1	658	97.27704678362574
0	99999999999999999	1	131	93.0
0	99999999999999999	1	360	98.6969111969112
0	99999999999999999	1	420	98.070987654321
0	99999999999999999	0	99999999999999999	70.9983498349835
0	99999999999999999	0	99999999999999999	84.7110754414125
0	99999999999999999	1	480	94.55445544554455
0	99999999999999999	1	192	90.97222222222221
0	99999999999999999	1	360	92.63595166163142
0	99999999999999999	1	126	70.46632124352332
1	159	1	163	83.91148325358851
0	99999999999999999	1	360	96.76136363636364
0	99999999999999999	1	360	95.64285714285714
0	99999999999999999	1	360	94.76744186046511
1	192	1	279	95.05718954248364
0	99999999999999999	0	99999999999999999	73.63999999999999
0	99999999999999999	0	99999999999999999	80.24256651017214
0	99999999999999999	1	484	82.71484375
0	99999999999999999	1	480	78.61111111111111
1	247	1	251	88.85869565217392
1	218	1	375	95.53349875930522
0	99999999999999999	1	164	89.94708994708995
0	99999999999999999	1	143	92.03821656050955
1	230	1	234	88.02480916030535
1	133	1	146	91.91616766467067
1	599	1	480	99.12725225225225
0	99999999999999999	0	99999999999999999	72.61194029850746
0	99999999999999999	0	99999999999999999	74.95860927152319
0	99999999999999999	1	123	75.50872093023257
0	99999999999999999	1	434	83.33333333333331
0	99999999999999999	0	99999999999999999	85.61285500747385
0	99999999999999999	1	178	91.38349514563109
0	99999999999999999	1	142	75.0
1	562	1	566	93.52791878172589
1	466	1	360	96.28378378378379
1	311	1	360	93.21917808219177
0	99999999999999999	1	360	95.77802359882006
0	99999999999999999	0	99999999999999999	73.26051779935274
1	318	1	322	74.89285714285714
0	99999999999999999	0	99999999999999999	82.92867981790592
0	99999999999999999	1	608	89.71169036334913
0	99999999999999999	1	137	88.19018404907976
1	142	1	158	81.68604651162791
0	99999999999999999	1	283	93.85245901639342
1	246	1	250	89.05109489051095
0	99999999999999999	1	360	98.7748851454824
1	101	1	127	91.21621621621621
1	713	1	717	97.94751009421266
0	99999999999999999	0	99999999999999999	71.19482496194824
0	99999999999999999	1	132	76.64835164835165
1	320	1	324	85.57412790697674
1	559	1	568	86.72619047619047
0	99999999999999999	1	360	88.58131487889275
1	161	1	183	78.83817427385893
1	197	1	244	94.66911764705881
1	163	1	264	94.61805555555554
1	309	1	313	95.37721893491124
1	124	1	244	95.59659090909089
0	99999999999999999	1	390	95.96385542168673
0	99999999999999999	0	99999999999999999	73.34104938271605
0	99999999999999999	1	360	79.15322580645162
0	99999999999999999	0	99999999999999999	81.61654135338347
1	350	1	354	89.32845744680851
0	99999999999999999	1	143	84.9264705882353
1	150	1	164	91.08072916666666
1	289	1	294	91.3095238095238
1	188	1	192	89.21232876712327
1	290	1	360	94.3359375
1	230	1	234	92.44186046511628
1	2959	1	3676	99.50027012425717
0	99999999999999999	0	99999999999999999	79.07786885245902
0	99999999999999999	0	99999999999999999	83.16326530612244
0	99999999999999999	0	99999999999999999	85.99173553719007
0	99999999999999999	1	360	87.40774907749079
0	99999999999999999	1	270	92.33449477351917
0	99999999999999999	1	124	75.07062146892655
0	99999999999999999	1	216	91.68388429752066
0	99999999999999999	1	192	93.72037914691944
1	502	1	506	97.39583333333334
0	99999999999999999	1	360	96.49122807017544
0	99999999999999999	1	515	96.15921787709499
0	99999999999999999	0	99999999999999999	79.26929392446634
0	99999999999999999	1	360	84.6966911764706
0	99999999999999999	0	99999999999999999	82.17360114777618
0	99999999999999999	1	360	89.78448275862068
1	443	1	540	88.55263157894737
0	99999999999999999	1	363	85.39002557544758
0	99999999999999999	1	360	93.73259052924791
0	99999999999999999	1	420	95.21604938271606
1	206	1	360	94.82848232848234
0	99999999999999999	1	724	97.83333333333334
1	241	1	360	87.28146853146853
1	501	1	505	82.50941619585687
0	99999999999999999	0	99999999999999999	80.26629570747217
0	99999999999999999	1	600	91.28937007874015
1	428	1	446	90.0
0	99999999999999999	1	326	87.96296296296296
1	349	1	353	86.07804232804233
1	373	1	461	97.37945492662476
1	391	1	480	97.74436090225564
1	193	1	360	96.97754749568222
1	271	1	360	94.40700808625337
1	287	1	291	93.43152866242038
0	99999999999999999	1	438	79.28217821782178
1	559	1	563	86.48881239242685
0	99999999999999999	0	99999999999999999	85.7258064516129
0	99999999999999999	1	542	88.42905405405406
1	320	1	324	86.99421965317919
1	463	1	420	91.17217898832683
1	216	1	349	96.73333333333335
0	99999999999999999	1	420	94.58020050125313
0	99999999999999999	1	129	89.3835616438356
1	219	1	223	91.44467213114754
1	558	1	607	97.8740157480315
0	99999999999999999	0	99999999999999999	78.51941747572815
0	99999999999999999	0	99999999999999999	83.68878357030016
0	99999999999999999	0	99999999999999999	76.26382306477093
0	99999999999999999	1	360	89.62585034013604
1	447	1	540	88.49800399201597
1	360	1	480	87.5618811881188
0	99999999999999999	1	227	90.2390438247012
0	99999999999999999	1	339	87.8434065934066
0	99999999999999999	1	360	95.74468085106383
1	224	1	255	93.72775800711744
1	386	1	600	99.54475009686169
0	99999999999999999	0	99999999999999999	77.1705426356589
0	99999999999999999	0	99999999999999999	88.4674922600619
0	99999999999999999	0	99999999999999999	83.84740259740258
0	99999999999999999	0	99999999999999999	81.67189952904238
0	99999999999999999	1	345	85.16891891891892
0	99999999999999999	1	360	93.14024390243901
1	160	1	164	92.02127659574467
0	99999999999999999	1	360	93.45238095238095
1	213	1	217	90.45918367346938
1	219	1	728	97.94156706507304
1	208	1	212	89.35381355932203
0	99999999999999999	0	99999999999999999	77.94793261868301
1	318	0	99999999999999999	80.8993399339934
0	99999999999999999	1	304	83.65963855421687
1	359	1	363	84.32692307692308
0	99999999999999999	1	512	91.80056710775047
0	99999999999999999	1	322	86.51026392961877
1	253	1	420	94.98081841432226
0	99999999999999999	1	764	91.77714646464648
0	99999999999999999	1	200	92.24330357142857
0	99999999999999999	1	360	97.54638671875
1	749	1	980	99.29506545820745
0	99999999999999999	0	99999999999999999	81.15781710914455
0	99999999999999999	0	99999999999999999	76.66666666666667
0	99999999999999999	0	99999999999999999	81.2305900621118
0	99999999999999999	0	99999999999999999	81.21200607902736
1	248	1	360	87.6597444089457
0	99999999999999999	1	476	93.32669322709164
1	198	1	241	93.89204545454544
0	99999999999999999	1	265	90.06076388888889
1	208	1	257	93.99466192170819
0	99999999999999999	1	124	71.57258064516128
1	1108	1	360	98.51301115241637
0	99999999999999999	0	99999999999999999	86.31342062193127
0	99999999999999999	0	99999999999999999	81.75566343042071
0	99999999999999999	1	501	86.66187739463602
0	99999999999999999	1	196	82.5
0	99999999999999999	1	248	86.10139860139859
0	99999999999999999	1	480	86.36919315403424
0	99999999999999999	1	262	93.48591549295774
1	219	1	223	91.83266932270917
1	198	1	241	93.06569343065695
0	99999999999999999	1	360	93.61979166666666
1	572	1	360	97.19721767594109
0	99999999999999999	0	99999999999999999	73.72742200328406
0	99999999999999999	0	99999999999999999	79.23452768729642
1	436	1	540	75.78463203463203
0	99999999999999999	0	99999999999999999	78.45368916797489
0	99999999999999999	1	330	86.3768115942029
1	198	1	202	82.71484375
1	204	1	237	91.48622047244095
1	174	1	178	88.29268292682927
0	99999999999999999	1	360	87.63392857142858
0	99999999999999999	1	155	91.55219780219781
0	99999999999999999	1	125	86.17549668874172
0	99999999999999999	0	99999999999999999	70.14802631578947
0	99999999999999999	0	99999999999999999	78.12980030721967
0	99999999999999999	1	613	80.703125
0	99999999999999999	1	360	78.24835526315789
0	99999999999999999	1	231	95.97280334728035
1	278	1	282	85.91445427728615
1	241	1	245	91.99074074074073
1	603	1	360	96.67128987517339
1	189	1	244	96.30681818181817
1	134	1	145	77.6219512195122
1	249	1	253	95.62043795620438
0	99999999999999999	0	99999999999999999	84.05944625407167
0	99999999999999999	0	99999999999999999	79.39967105263158
0	99999999999999999	1	360	87.03846153846152
0	99999999999999999	1	139	87.87878787878788
1	360	1	360	92.32885085574571
0	99999999999999999	1	301	92.96636085626909
1	433	1	437	92.40196078431373
1	229	1	250	85.643115942029
0	99999999999999999	1	360	93.26923076923076
0	99999999999999999	1	400	96.52278177458032
0	99999999999999999	1	129	77.70618556701031
0	99999999999999999	0	99999999999999999	65.31746031746032
0	99999999999999999	1	363	79.98071979434448
1	630	1	634	86.02719033232628
1	246	1	250	90.68181818181817
1	183	1	187	92.11448598130842
1	249	1	271	86.4453125
1	230	1	270	90.39429530201342
1	188	1	192	90.71100917431194
1	216	1	358	94.25324675324674
0	99999999999999999	1	199	88.33333333333334
0	99999999999999999	1	360	98.65196078431372
0	99999999999999999	0	99999999999999999	81.88816855753646
0	99999999999999999	1	476	86.92660550458716
1	186	1	205	92.04035874439462
0	99999999999999999	1	312	83.83620689655173
0	99999999999999999	1	360	93.25613079019074
1	286	1	318	94.84649122807016
0	99999999999999999	1	182	89.2512077294686
1	166	1	170	77.98672566371681
1	216	1	288	94.42246835443038
1	288	1	480	98.01864801864802
0	99999999999999999	1	587	96.62052117263842
0	99999999999999999	0	99999999999999999	77.25206611570248
0	99999999999999999	0	99999999999999999	80.58213716108453
0	99999999999999999	1	360	88.08664259927798
1	544	1	548	79.39075630252101
0	99999999999999999	1	420	94.03266331658291
0	99999999999999999	1	246	79.50367647058823
0	99999999999999999	1	167	88.69047619047619
1	265	1	286	95.47275641025641
1	293	1	360	91.5310650887574
1	566	1	360	98.43081312410843
0	99999999999999999	1	360	96.60664819944598
0	99999999999999999	0	99999999999999999	78.29489291598024
0	99999999999999999	0	99999999999999999	84.24437299035368
0	99999999999999999	0	99999999999999999	90.18273716951789
1	289	1	299	87.91666666666666
0	99999999999999999	0	99999999999999999	86.60578386605783
0	99999999999999999	1	279	94.27609427609428
1	399	1	360	95.47563805104409
1	163	1	184	91.74528301886792
0	99999999999999999	1	125	78.92441860465117
0	99999999999999999	1	360	96.90111420612813
1	3216	1	660	99.45336391437307
0	99999999999999999	0	99999999999999999	81.03582554517135
0	99999999999999999	0	99999999999999999	80.2854938271605
0	99999999999999999	0	99999999999999999	80.43739967897272
0	99999999999999999	0	99999999999999999	84.79880774962743
0	99999999999999999	1	360	90.03623188405797
1	269	1	273	94.29530201342281
0	99999999999999999	1	360	90.48566878980893
0	99999999999999999	1	122	90.47202797202797
1	146	1	150	80.1875
0	99999999999999999	1	463	96.40657084188912
1	360	1	836	98.47560975609757
0	99999999999999999	0	99999999999999999	75.08291873963516
0	99999999999999999	0	99999999999999999	77.12406015037594
0	99999999999999999	0	99999999999999999	80.9485530546624
0	99999999999999999	1	360	93.02226027397262
0	99999999999999999	1	275	93.41216216216216
1	457	1	468	84.58806818181817
0	99999999999999999	1	159	85.95430107526882
1	198	1	205	80.76208178438662
0	99999999999999999	1	420	97.31308411214953
0	99999999999999999	1	144	88.42857142857143
0	99999999999999999	1	349	96.21313672922251
0	99999999999999999	0	99999999999999999	75.38934426229508
0	99999999999999999	0	99999999999999999	82.68656716417911
1	600	1	604	89.74562798092211
1	553	1	575	89.26282051282053
0	99999999999999999	1	360	90.22435897435896
1	236	1	360	91.7372881355932
1	293	1	297	89.70125786163523
0	99999999999999999	1	178	90.99264705882352
1	177	1	181	83.15450643776825
1	175	1	179	91.33663366336633
1	657	1	661	98.1139053254438
0	99999999999999999	0	99999999999999999	78.91268533772654
0	99999999999999999	0	99999999999999999	82.43517017828201
0	99999999999999999	1	593	89.15857605177995
1	382	1	406	88.27764976958525
1	256	1	260	82.66550522648083
0	99999999999999999	1	326	88.98121387283237
1	306	1	310	93.41715976331362
0	99999999999999999	1	360	94.0488047808765
0	99999999999999999	1	360	95.12987012987013
0	99999999999999999	1	360	96.42226148409894
0	99999999999999999	1	478	95.32803180914513
0	99999999999999999	0	99999999999999999	77.10566615620213
0	99999999999999999	0	99999999999999999	69.53125
0	99999999999999999	0	99999999999999999	87.68174474959612
0	99999999999999999	1	394	90.17857142857143
1	362	1	366	92.48096446700507
1	332	1	390	84.99430523917995
0	99999999999999999	1	167	85.88082901554404
1	314	1	360	94.42904656319291
0	99999999999999999	1	353	96.13333333333334
0	99999999999999999	1	244	91.76136363636364
1	209	1	213	94.17372881355931
0	99999999999999999	0	99999999999999999	68.01652892561982
0	99999999999999999	0	99999999999999999	85.1526717557252
0	99999999999999999	1	562	91.3200339558574
0	99999999999999999	1	540	90.83675564681724
0	99999999999999999	1	332	93.18181818181817
1	191	1	209	89.2780172413793
0	99999999999999999	1	420	90.6108597285068
0	99999999999999999	1	360	97.70927601809953
1	232	1	352	96.05437665782495
0	99999999999999999	1	143	75.73529411764706
0	99999999999999999	1	360	98.03779069767441
