早期検知したか	早期検知時刻	デッドラインミスが発生したか	デッドラインミス時刻	平均CPU利用率
0	99999999999999999	0	99999999999999999	73.72742200328406
0	99999999999999999	1	420	76.80517711171662
0	99999999999999999	0	99999999999999999	77.29037267080744
0	99999999999999999	0	99999999999999999	70.1077943615257
0	99999999999999999	0	99999999999999999	78.53736089030205
1	224	1	228	80.0
0	99999999999999999	0	99999999999999999	77.57048092868989
0	99999999999999999	1	360	78.0597014925373
0	99999999999999999	0	99999999999999999	74.09983633387888
0	99999999999999999	1	127	74.99999999999999
0	99999999999999999	0	99999999999999999	72.59535655058043
0	99999999999999999	0	99999999999999999	74.0110759493671
0	99999999999999999	0	99999999999999999	77.42200328407226
0	99999999999999999	1	360	76.72413793103448
0	99999999999999999	0	99999999999999999	78.42409240924091
0	99999999999999999	0	99999999999999999	76.87101910828025
1	130	1	133	71.26865671641792
0	99999999999999999	0	99999999999999999	74.21487603305785
0	99999999999999999	0	99999999999999999	73.21724709784411
1	158	1	163	73.96288209606988
0	99999999999999999	0	99999999999999999	73.21724709784411
0	99999999999999999	1	480	76.3676844783715
1	190	1	194	79.05405405405406
0	99999999999999999	0	99999999999999999	75.62199036918138
0	99999999999999999	0	99999999999999999	77.12191358024691
0	99999999999999999	0	99999999999999999	78.81426202321725
1	198	1	202	74.04214559386973
0	99999999999999999	0	99999999999999999	78.63349131121643
0	99999999999999999	0	99999999999999999	72.23597359735975
0	99999999999999999	1	360	74.30327868852459
0	99999999999999999	0	99999999999999999	78.46311475409836
0	99999999999999999	0	99999999999999999	74.71358428805237
0	99999999999999999	1	360	77.94354838709678
0	99999999999999999	1	133	78.515625
0	99999999999999999	0	99999999999999999	73.23190789473685
0	99999999999999999	0	99999999999999999	79.66772151898734
0	99999999999999999	1	570	79.38448566610455
0	99999999999999999	0	99999999999999999	74.46102819237147
0	99999999999999999	0	99999999999999999	72.37704918032786
0	99999999999999999	0	99999999999999999	74.95860927152319
0	99999999999999999	0	99999999999999999	71.26984126984128
0	99999999999999999	1	182	78.6144578313253
1	180	1	190	78.83466135458167
0	99999999999999999	0	99999999999999999	78.01724137931035
0	99999999999999999	0	99999999999999999	75.20593080724878
1	416	1	429	79.41478439425052
0	99999999999999999	0	99999999999999999	74.0924092409241
0	99999999999999999	0	99999999999999999	71.55591572123177
0	99999999999999999	0	99999999999999999	74.60443037974683
0	99999999999999999	0	99999999999999999	74.46102819237147
0	99999999999999999	0	99999999999999999	76.18078175895766
0	99999999999999999	0	99999999999999999	73.51046698872786
0	99999999999999999	1	600	73.63425925925927
0	99999999999999999	0	99999999999999999	78.52459016393442
0	99999999999999999	0	99999999999999999	74.7181964573269
0	99999999999999999	0	99999999999999999	76.09953703703704
0	99999999999999999	0	99999999999999999	74.09983633387888
0	99999999999999999	0	99999999999999999	74.01107594936708
0	99999999999999999	0	99999999999999999	78.81832797427651
1	193	1	197	71.54356060606061
1	132	1	139	77.1551724137931
0	99999999999999999	0	99999999999999999	78.88808139534883
0	99999999999999999	0	99999999999999999	76.08370702541106
0	99999999999999999	1	124	73.66310160427808
0	99999999999999999	0	99999999999999999	72.07062600321028
0	99999999999999999	0	99999999999999999	78.01302931596089
0	99999999999999999	0	99999999999999999	73.11165845648604
0	99999999999999999	1	480	76.40845070422536
0	99999999999999999	0	99999999999999999	70.49586776859505
0	99999999999999999	0	99999999999999999	75.44354838709677
0	99999999999999999	1	146	73.72093023255813
0	99999999999999999	0	99999999999999999	76.6532258064516
0	99999999999999999	1	360	74.79707792207793
0	99999999999999999	1	149	76.08173076923077
0	99999999999999999	0	99999999999999999	77.40228013029316
0	99999999999999999	1	360	79.16666666666666
0	99999999999999999	0	99999999999999999	77.1986970684039
0	99999999999999999	0	99999999999999999	77.18646864686468
0	99999999999999999	0	99999999999999999	76.29449838187702
0	99999999999999999	1	142	74.08536585365853
0	99999999999999999	0	99999999999999999	77.8052805280528
0	99999999999999999	1	488	74.14047151277015
0	99999999999999999	1	181	79.89795918367348
0	99999999999999999	0	99999999999999999	71.99835526315789
0	99999999999999999	0	99999999999999999	75.5192878338279
1	146	1	159	79.18552036199094
0	99999999999999999	0	99999999999999999	77.8052805280528
0	99999999999999999	0	99999999999999999	79.64669738863286
0	99999999999999999	1	185	79.149377593361
0	99999999999999999	0	99999999999999999	74.95928338762215
0	99999999999999999	0	99999999999999999	78.49593495934958
0	99999999999999999	1	160	79.32242990654207
0	99999999999999999	1	159	78.31858407079646
0	99999999999999999	0	99999999999999999	78.39607201309327
0	99999999999999999	1	480	75.89498806682576
0	99999999999999999	1	360	79.75092250922509
0	99999999999999999	0	99999999999999999	78.314696485623
0	99999999999999999	0	99999999999999999	79.82315112540194
0	99999999999999999	0	99999999999999999	74.96056782334385
0	99999999999999999	1	360	76.51143790849673
0	99999999999999999	0	99999999999999999	74.1283676703645
1	377	1	381	79.91955445544555
0	99999999999999999	0	99999999999999999	74.84251968503936
0	99999999999999999	1	360	78.50719424460432
0	99999999999999999	0	99999999999999999	71.97346600331674
0	99999999999999999	0	99999999999999999	79.81617647058823
0	99999999999999999	0	99999999999999999	70.9983498349835
0	99999999999999999	1	126	70.46632124352332
0	99999999999999999	0	99999999999999999	73.63999999999999
0	99999999999999999	1	480	78.61111111111111
0	99999999999999999	0	99999999999999999	72.61194029850746
0	99999999999999999	0	99999999999999999	74.95860927152319
0	99999999999999999	1	123	75.50872093023257
0	99999999999999999	1	142	75.0
0	99999999999999999	0	99999999999999999	73.26051779935274
1	318	1	322	74.89285714285714
0	99999999999999999	0	99999999999999999	71.19482496194824
0	99999999999999999	1	132	76.64835164835165
1	161	1	183	78.83817427385893
0	99999999999999999	0	99999999999999999	73.34104938271605
0	99999999999999999	1	360	79.15322580645162
0	99999999999999999	0	99999999999999999	79.07786885245902
0	99999999999999999	1	124	75.07062146892655
0	99999999999999999	0	99999999999999999	79.26929392446634
0	99999999999999999	1	438	79.28217821782178
0	99999999999999999	0	99999999999999999	78.51941747572815
0	99999999999999999	0	99999999999999999	76.26382306477093
0	99999999999999999	0	99999999999999999	77.1705426356589
0	99999999999999999	0	99999999999999999	77.94793261868301
0	99999999999999999	0	99999999999999999	76.66666666666667
0	99999999999999999	1	124	71.57258064516128
0	99999999999999999	0	99999999999999999	73.72742200328406
0	99999999999999999	0	99999999999999999	79.23452768729642
1	436	1	540	75.78463203463203
0	99999999999999999	0	99999999999999999	78.45368916797489
0	99999999999999999	0	99999999999999999	70.14802631578947
0	99999999999999999	0	99999999999999999	78.12980030721967
0	99999999999999999	1	360	78.24835526315789
1	134	1	145	77.6219512195122
0	99999999999999999	0	99999999999999999	79.39967105263158
0	99999999999999999	1	129	77.70618556701031
0	99999999999999999	1	363	79.98071979434448
1	166	1	170	77.98672566371681
0	99999999999999999	0	99999999999999999	77.25206611570248
1	544	1	548	79.39075630252101
0	99999999999999999	1	246	79.50367647058823
0	99999999999999999	0	99999999999999999	78.29489291598024
0	99999999999999999	1	125	78.92441860465117
0	99999999999999999	0	99999999999999999	75.08291873963516
0	99999999999999999	0	99999999999999999	77.12406015037594
0	99999999999999999	0	99999999999999999	75.38934426229508
0	99999999999999999	0	99999999999999999	78.91268533772654
0	99999999999999999	0	99999999999999999	77.10566615620213
0	99999999999999999	1	143	75.73529411764706
