0	99999999999999999	0	99999999999999999	81.11658456486042
0	99999999999999999	0	99999999999999999	84.59349593495935
0	99999999999999999	0	99999999999999999	78.14029363784665
0	99999999999999999	0	99999999999999999	85.38519637462237
0	99999999999999999	0	99999999999999999	93.09954751131221
0	99999999999999999	1	420	94.53125
0	99999999999999999	1	216	86.82692307692308
1	436	1	440	93.10897435897436
1	286	1	290	94.95192307692308
1	195	1	413	96.6533180778032
1	236	1	922	97.90569020021077
0	99999999999999999	1	429	82.5711382113821
0	99999999999999999	0	99999999999999999	81.73234811165845
1	572	1	585	87.95347003154573
1	139	1	143	73.39285714285714
1	156	1	160	82.4635922330097
0	99999999999999999	1	360	90.67164179104478
1	150	1	156	77.82805429864253
1	193	1	260	96.71296296296296
1	657	1	420	97.20873786407768
0	99999999999999999	1	357	93.7012987012987
0	99999999999999999	1	219	91.71875000000001
0	99999999999999999	0	99999999999999999	71.52448657187993
0	99999999999999999	1	540	87.65030060120242
1	443	1	447	88.69760479041916
0	99999999999999999	0	99999999999999999	84.46142649199417
1	250	1	254	90.78237410071944
0	99999999999999999	1	321	94.01862464183381
0	99999999999999999	1	460	91.89958592132503
1	248	1	327	88.1544502617801
0	99999999999999999	1	172	90.43367346938776
1	524	1	420	98.57219827586206
1	185	1	200	81.591796875
0	99999999999999999	0	99999999999999999	62.44094488188977
0	99999999999999999	0	99999999999999999	78.41269841269842
0	99999999999999999	0	99999999999999999	83.17230273752011
1	389	1	393	88.31129807692308
0	99999999999999999	1	193	84.70930232558139
0	99999999999999999	1	420	90.9153005464481
0	99999999999999999	1	124	88.40460526315789
0	99999999999999999	1	360	90.06024096385542
1	455	1	459	95.58521560574948
0	99999999999999999	1	360	98.83379405666896
1	3200	1	3410	99.48371146015127
0	99999999999999999	0	99999999999999999	72.18364197530863
0	99999999999999999	0	99999999999999999	80.36858974358974
0	99999999999999999	1	511	91.96768060836501
0	99999999999999999	0	99999999999999999	87.53987240829348
1	322	1	326	89.9502840909091
1	254	1	290	94.38694267515923
1	256	1	360	79.64396284829722
1	215	1	288	94.94336569579289
0	99999999999999999	1	480	96.5
1	219	1	420	98.33724569640063
1	1291	1	360	98.6570945945946
0	99999999999999999	0	99999999999999999	71.0633116883117
0	99999999999999999	0	99999999999999999	69.7884012539185
0	99999999999999999	1	486	91.07490272373539
0	99999999999999999	1	536	90.72508896797153
0	99999999999999999	1	145	76.28676470588235
0	99999999999999999	1	244	83.63970588235293
0	99999999999999999	1	187	87.7906976744186
0	99999999999999999	1	124	88.26013513513513
0	99999999999999999	1	360	93.52678571428572
1	291	1	295	94.82758620689656
1	1038	1	2599	99.3861819566045
0	99999999999999999	0	99999999999999999	72.97520661157024
0	99999999999999999	0	99999999999999999	76.69421487603306
0	99999999999999999	1	360	78.20069204152249
0	99999999999999999	1	600	86.083984375
0	99999999999999999	1	301	83.96656534954408
0	99999999999999999	1	223	92.15587044534414
0	99999999999999999	1	334	89.61218836565098
0	99999999999999999	1	360	94.27419354838709
1	371	1	667	97.27633477633478
0	99999999999999999	1	267	96.18055555555557
1	206	1	1309	98.84745127436281
0	99999999999999999	0	99999999999999999	73.93617021276596
1	558	1	562	89.05187074829932
0	99999999999999999	0	99999999999999999	88.68501529051987
1	326	1	393	96.66466346153847
1	236	1	240	82.60517799352752
1	212	1	216	84.26966292134831
0	99999999999999999	1	420	89.14772727272728
1	566	1	540	97.20394736842107
1	586	1	600	98.05253623188406
0	99999999999999999	1	182	89.5
1	1070	1	360	97.88269927536231
0	99999999999999999	0	99999999999999999	79.64
0	99999999999999999	0	99999999999999999	77.34254992319508
0	99999999999999999	0	99999999999999999	74.59481361426256
0	99999999999999999	1	313	88.78676470588235
0	99999999999999999	1	257	91.63701067615658
1	122	1	487	86.62451361867704
1	434	1	438	93.92624728850325
1	203	1	207	91.22340425531915
0	99999999999999999	1	495	94.41094619666048
1	465	1	473	97.52004008016031
0	99999999999999999	1	144	79.1871921182266
0	99999999999999999	0	99999999999999999	81.05095541401273
0	99999999999999999	0	99999999999999999	82.34615384615384
0	99999999999999999	0	99999999999999999	88.76281112737921
0	99999999999999999	1	242	85.16725352112675
0	99999999999999999	1	401	91.83491686460808
0	99999999999999999	1	420	89.18831168831169
0	99999999999999999	1	124	84.99999999999999
0	99999999999999999	1	360	91.875
1	708	1	480	98.79411764705881
0	99999999999999999	1	360	98.2819264069264
0	99999999999999999	1	398	93.79432624113475
0	99999999999999999	0	99999999999999999	72.59463722397476
0	99999999999999999	0	99999999999999999	81.82170542635659
1	505	1	509	91.82242990654206
0	99999999999999999	0	99999999999999999	78.18518518518519
1	219	1	360	86.0185185185185
0	99999999999999999	1	360	92.11229946524062
0	99999999999999999	1	360	91.0828025477707
1	231	1	235	93.48659003831418
1	446	1	360	96.00515463917526
1	584	1	601	97.93006430868166
0	99999999999999999	1	420	99.44690265486726
0	99999999999999999	0	99999999999999999	80.28225806451614
0	99999999999999999	1	498	78.18441064638783
0	99999999999999999	0	99999999999999999	85.70872274143304
0	99999999999999999	1	459	85.3305785123967
0	99999999999999999	0	99999999999999999	85.282874617737
0	99999999999999999	1	190	92.84883720930233
0	99999999999999999	1	338	79.86111111111111
1	136	1	193	90.9502262443439
1	189	1	381	94.55445544554456
1	263	1	267	95.60344827586208
0	99999999999999999	1	239	86.85344827586208
0	99999999999999999	0	99999999999999999	77.7823240589198
0	99999999999999999	0	99999999999999999	77.88617886178861
0	99999999999999999	0	99999999999999999	82.0785597381342
0	99999999999999999	1	141	75.31565656565657
0	99999999999999999	0	99999999999999999	87.02229299363056
0	99999999999999999	1	318	87.86656891495602
1	379	1	383	92.13414634146342
1	185	1	191	79.345703125
1	328	1	480	96.58859470468433
0	99999999999999999	1	360	97.15277777777779
1	553	1	480	98.77260981912144
0	99999999999999999	0	99999999999999999	66.73486088379705
0	99999999999999999	0	99999999999999999	79.73282442748092
0	99999999999999999	0	99999999999999999	74.91961414790997
0	99999999999999999	0	99999999999999999	81.67189952904239
1	237	1	310	95.18939393939394
0	99999999999999999	1	188	90.59633027522936
0	99999999999999999	1	285	92.01277955271566
1	160	1	164	80.32296650717704
0	99999999999999999	1	155	82.96632124352332
1	276	1	360	93.4748427672956
1	1224	1	1228	98.87539808917198
0	99999999999999999	1	446	79.1078629032258
0	99999999999999999	0	99999999999999999	76.51923076923076
0	99999999999999999	0	99999999999999999	83.55839416058394
0	99999999999999999	1	492	87.16281310211947
0	99999999999999999	1	600	90.14957264957266
0	99999999999999999	1	231	93.07228915662651
1	268	1	360	94.57236842105263
1	171	1	196	86.1784140969163
1	290	1	530	97.74368231046932
0	99999999999999999	1	128	72.74484536082474
0	99999999999999999	1	142	92.0933734939759
0	99999999999999999	0	99999999999999999	77.93388429752065
0	99999999999999999	0	99999999999999999	83.31270627062707
0	99999999999999999	0	99999999999999999	85.23089171974523
0	99999999999999999	1	480	89.214463840399
0	99999999999999999	1	420	95.20997375328083
1	456	1	512	93.25284090909089
0	99999999999999999	1	360	94.6765498652291
0	99999999999999999	1	360	92.26519337016575
1	199	1	203	89.34151785714286
1	451	1	360	95.89249492900608
1	680	1	600	95.926243567753
0	99999999999999999	0	99999999999999999	75.44715447154472
0	99999999999999999	0	99999999999999999	82.28827361563519
1	188	1	192	90.41095890410958
0	99999999999999999	1	461	92.71673387096774
0	99999999999999999	1	420	88.04190751445086
1	397	1	401	86.04312354312354
0	99999999999999999	1	227	90.04901960784314
1	307	1	311	93.41517857142858
0	99999999999999999	1	849	97.69736842105264
1	187	1	473	96.33534136546184
0	99999999999999999	1	332	96.7696629213483
0	99999999999999999	0	99999999999999999	79.36378466557912
0	99999999999999999	0	99999999999999999	74.6012759170654
0	99999999999999999	0	99999999999999999	85.73390894819467
0	99999999999999999	0	99999999999999999	88.56466876971608
0	99999999999999999	1	452	90.05208333333333
0	99999999999999999	1	255	92.40107913669064
0	99999999999999999	1	180	92.05097087378643
0	99999999999999999	1	480	92.55434782608697
0	99999999999999999	1	352	95.68614130434784
0	99999999999999999	1	163	89.23796791443851
0	99999999999999999	1	1890	98.97412441191845
0	99999999999999999	0	99999999999999999	72.35537190082643
0	99999999999999999	0	99999999999999999	83.30645161290323
0	99999999999999999	1	444	82.73554603854389
1	481	1	485	86.83673469387756
0	99999999999999999	1	595	88.77118644067798
1	132	1	196	93.77906976744187
0	99999999999999999	1	225	86.52263374485597
1	249	1	253	92.81135531135531
0	99999999999999999	1	158	92.9861111111111
0	99999999999999999	1	130	78.125
0	99999999999999999	1	360	98.74798061389338
0	99999999999999999	0	99999999999999999	73.11165845648604
0	99999999999999999	0	99999999999999999	72.49203821656052
0	99999999999999999	0	99999999999999999	86.38147566718996
1	217	1	221	93.05555555555556
1	381	1	385	92.61904761904762
0	99999999999999999	1	148	75.78883495145631
1	245	1	360	88.4341637010676
0	99999999999999999	1	183	92.1723300970874
0	99999999999999999	1	360	97.11711711711713
0	99999999999999999	1	420	98.42233009708738
1	417	1	421	96.64221218961625
0	99999999999999999	0	99999999999999999	72.37704918032787
0	99999999999999999	0	99999999999999999	72.3159509202454
0	99999999999999999	0	99999999999999999	91.67888563049854
1	463	1	482	91.57818532818533
0	99999999999999999	1	195	84.10138248847926
1	230	1	360	90.5775075987842
0	99999999999999999	1	198	92.07175925925927
0	99999999999999999	1	172	90.73834196891191
0	99999999999999999	1	420	90.15513126491648
1	181	1	419	95.60961968680091
0	99999999999999999	1	360	97.53472222222223
0	99999999999999999	0	99999999999999999	74.83471074380165
0	99999999999999999	0	99999999999999999	73.59504132231405
1	293	1	326	87.74373259052925
0	99999999999999999	1	182	88.80597014925372
1	292	1	420	93.59504132231406
1	274	1	360	91.75955414012739
0	99999999999999999	1	137	87.26851851851852
1	290	1	294	94.0217391304348
0	99999999999999999	1	208	79.79014598540145
1	180	1	252	92.95454545454545
1	2999	1	3394	99.4480994152047
0	99999999999999999	0	99999999999999999	81.03932584269663
1	434	1	460	91.29098360655738
0	99999999999999999	0	99999999999999999	85.23089171974523
0	99999999999999999	1	210	82.79520295202951
0	99999999999999999	1	360	83.44827586206895
0	99999999999999999	1	292	93.05111821086263
0	99999999999999999	1	131	88.29113924050633
1	172	1	289	97.4025974025974
0	99999999999999999	1	200	89.18478260869566
1	155	1	159	83.91148325358853
0	99999999999999999	1	360	99.31028610354223
0	99999999999999999	0	99999999999999999	73.21724709784411
0	99999999999999999	0	99999999999999999	81.33169934640523
0	99999999999999999	0	99999999999999999	85.69967266775778
1	210	1	244	92.54629629629629
0	99999999999999999	0	99999999999999999	89.19117647058823
0	99999999999999999	1	284	94.06146179401993
0	99999999999999999	1	260	87.23776223776223
1	347	1	354	96.0438829787234
1	353	1	547	96.77137870855148
0	99999999999999999	1	189	94.51650943396227
0	99999999999999999	1	360	99.48653582838887
0	99999999999999999	0	99999999999999999	71.73553719008265
0	99999999999999999	0	99999999999999999	84.65266558966076
1	190	1	194	93.25117370892019
0	99999999999999999	1	194	89.87556561085971
0	99999999999999999	1	218	83.86270491803279
0	99999999999999999	1	246	90.57835820895521
1	266	1	270	89.02542372881356
1	242	1	246	79.87220447284346
0	99999999999999999	1	360	94.87179487179486
0	99999999999999999	1	223	93.6740890688259
1	4999	1	5003	99.71161495624503
0	99999999999999999	0	99999999999999999	76.20033112582783
0	99999999999999999	0	99999999999999999	74.24
0	99999999999999999	1	360	69.32565789473684
0	99999999999999999	0	99999999999999999	85.49382716049384
0	99999999999999999	1	124	88.68243243243244
0	99999999999999999	1	546	87.93388429752066
0	99999999999999999	1	401	94.89436619718309
0	99999999999999999	1	172	91.07142857142857
0	99999999999999999	1	134	88.6867088607595
1	280	1	466	95.6808943089431
0	99999999999999999	1	2067	98.78165312947921
0	99999999999999999	0	99999999999999999	75.31695721077654
0	99999999999999999	0	99999999999999999	83.43799058084772
0	99999999999999999	1	466	79.32600382409177
0	99999999999999999	1	547	87.91736227045074
1	206	1	210	81.13636363636364
0	99999999999999999	1	360	92.77777777777779
0	99999999999999999	1	182	89.54326923076924
0	99999999999999999	1	360	93.2089552238806
0	99999999999999999	1	252	86.81271477663232
1	192	1	387	96.11858190709046
0	99999999999999999	1	133	76.57068062827224
0	99999999999999999	0	99999999999999999	82.15447154471545
0	99999999999999999	0	99999999999999999	79.17345276872965
0	99999999999999999	1	360	85.36184210526315
1	452	1	600	88.88888888888889
1	251	1	255	87.27436823104694
1	307	1	360	90.67919075144509
0	99999999999999999	1	354	95.98806366047747
0	99999999999999999	1	193	81.00393700787401
1	504	1	360	95.80206378986867
1	505	1	360	97.26835664335665
0	99999999999999999	1	846	97.28448275862068
0	99999999999999999	0	99999999999999999	79.79338842975207
0	99999999999999999	0	99999999999999999	77.89514866979655
0	99999999999999999	1	420	92.7278820375335
1	296	1	360	93.9179104477612
0	99999999999999999	1	360	88.9261744966443
1	293	1	420	88.72832369942196
0	99999999999999999	1	360	95.84143968871595
1	304	1	360	94.1977077363897
1	356	1	360	97.31432360742704
0	99999999999999999	1	360	98.84208606856309
1	1354	1	360	98.85253906250001
0	99999999999999999	0	99999999999999999	77.63371150729336
0	99999999999999999	0	99999999999999999	71.61084529505581
0	99999999999999999	1	360	76.03135313531354
1	320	1	324	81.88775510204081
1	212	1	242	90.83333333333333
1	217	1	221	88.72448979591836
1	350	1	354	94.67105263157896
1	316	1	320	87.14470284237726
1	217	1	292	94.12460567823345
0	99999999999999999	1	885	98.00385462555067
0	99999999999999999	1	227	79.71938775510203
0	99999999999999999	0	99999999999999999	68.63636363636363
0	99999999999999999	0	99999999999999999	83.99849397590361
0	99999999999999999	0	99999999999999999	89.98459167950693
0	99999999999999999	1	251	91.60649819494584
1	329	1	447	91.07142857142857
0	99999999999999999	1	362	93.75000000000001
1	721	1	1023	98.89423076923077
0	99999999999999999	1	420	97.97453703703702
0	99999999999999999	1	360	96.37561779242175
0	99999999999999999	1	186	94.0448113207547
0	99999999999999999	1	360	99.43548387096774
0	99999999999999999	0	99999999999999999	83.24261275272161
0	99999999999999999	0	99999999999999999	75.08090614886731
0	99999999999999999	1	382	95.28186274509804
0	99999999999999999	1	315	87.94378698224851
0	99999999999999999	0	99999999999999999	87.1742671009772
1	155	1	159	84.86842105263158
0	99999999999999999	1	158	79.62962962962962
0	99999999999999999	1	132	77.71428571428572
0	99999999999999999	1	420	94.92115027829313
0	99999999999999999	1	360	97.3529411764706
0	99999999999999999	1	360	98.11417971970322
0	99999999999999999	0	99999999999999999	80.15297906602255
0	99999999999999999	0	99999999999999999	82.69817073170731
1	326	1	330	88.6938202247191
1	418	1	629	91.06317411402156
1	259	1	263	96.3850174216028
1	282	1	286	90.60457516339869
1	247	1	266	95.54794520547944
0	99999999999999999	1	154	87.84340659340658
1	532	1	360	97.96931407942238
1	416	1	360	95.48745173745172
1	201	1	280	94.38943894389438
0	99999999999999999	0	99999999999999999	79.25955414012738
1	531	1	573	83.71212121212122
1	261	1	265	91.95205479452054
0	99999999999999999	1	425	84.65401785714286
0	99999999999999999	1	385	87.01573849878935
1	409	1	459	87.47632575757576
0	99999999999999999	1	360	84.18230563002682
0	99999999999999999	1	420	97.47191011235955
1	382	1	386	97.08646616541351
1	341	1	345	93.64864864864865
0	99999999999999999	1	258	93.74999999999999
0	99999999999999999	0	99999999999999999	75.07898894154819
0	99999999999999999	1	577	81.58112582781459
0	99999999999999999	1	480	83.3628841607565
0	99999999999999999	1	237	89.44866920152091
0	99999999999999999	1	450	92.66247379454927
1	458	1	462	89.12499999999999
0	99999999999999999	1	148	89.20118343195267
1	452	1	618	98.44488188976376
0	99999999999999999	1	360	93.93712574850301
0	99999999999999999	1	360	99.0432354158047
0	99999999999999999	0	99999999999999999	81.11742424242424
0	99999999999999999	0	99999999999999999	77.05930807248764
0	99999999999999999	0	99999999999999999	86.61157024793388
0	99999999999999999	0	99999999999999999	88.21705426356588
1	188	1	192	83.33333333333334
0	99999999999999999	1	360	80.28115501519756
1	472	1	497	88.45301418439718
1	203	1	258	89.29738562091504
1	261	1	360	91.62541254125412
1	247	1	360	92.45614035087719
1	2214	1	2218	98.45542806707854
0	99999999999999999	0	99999999999999999	81.3607085346216
0	99999999999999999	0	99999999999999999	86.11963190184049
0	99999999999999999	0	99999999999999999	86.46438953488374
0	99999999999999999	1	639	90.31344410876133
0	99999999999999999	1	319	92.40552325581395
0	99999999999999999	1	146	91.09281437125749
0	99999999999999999	1	133	83.99999999999999
1	437	1	480	94.27480916030535
1	175	1	179	93.41463414634147
0	99999999999999999	1	237	95.55984555984556
0	99999999999999999	1	360	99.06840934371525
0	99999999999999999	0	99999999999999999	72.37704918032787
1	425	1	429	86.6824894514768
0	99999999999999999	0	99999999999999999	87.95062695924764
1	253	1	360	76.51143790849673
0	99999999999999999	1	420	88.92450142450143
0	99999999999999999	1	152	89.63235294117646
0	99999999999999999	1	360	85.4310344827586
0	99999999999999999	1	172	77.06567796610169
0	99999999999999999	1	278	79.98533724340176
1	288	1	364	93.84566326530611
1	603	1	360	96.5818759936407
0	99999999999999999	0	99999999999999999	83.37458745874588
0	99999999999999999	0	99999999999999999	75.33003300330033
0	99999999999999999	0	99999999999999999	88.26171875
0	99999999999999999	1	360	81.16721854304636
0	99999999999999999	1	465	92.05445544554456
1	179	1	183	86.78571428571429
0	99999999999999999	1	138	83.72252747252747
1	196	1	216	89.59205020920501
0	99999999999999999	1	430	89.77272727272728
1	317	1	967	98.16028225806451
0	99999999999999999	1	360	98.78797672915321
0	99999999999999999	0	99999999999999999	70.19667170953102
0	99999999999999999	1	480	74.41314553990611
1	317	1	321	88.53857566765578
1	312	1	316	87.83185840707964
0	99999999999999999	1	279	90.64542483660131
1	487	1	600	96.31863560732114
1	190	1	232	90.2314814814815
0	99999999999999999	1	262	89.65669014084506
0	99999999999999999	1	167	94.89247311827955
1	789	1	1451	99.15483434753213
1	858	1	862	97.37584650112868
1	600	1	604	84.62301587301587
0	99999999999999999	0	99999999999999999	84.20943708609272
0	99999999999999999	1	480	80.00606796116504
0	99999999999999999	1	540	87.33731019522777
1	462	1	466	90.72745901639344
1	614	1	618	90.5421216848674
1	224	1	228	90.52734375
0	99999999999999999	1	186	90.85820895522389
0	99999999999999999	1	276	94.61920529801324
0	99999999999999999	1	386	95.45731707317074
1	4546	1	8902	99.86276047501678
0	99999999999999999	0	99999999999999999	82.38993710691824
0	99999999999999999	0	99999999999999999	80.32520325203251
1	631	1	635	87.39002932551318
1	622	1	626	86.21236133122028
1	341	1	345	86.05510752688173
0	99999999999999999	1	420	87.87774725274724
0	99999999999999999	1	360	91.07142857142857
1	325	1	436	96.65760869565217
0	99999999999999999	1	360	92.73255813953487
1	436	1	1172	98.60066833751044
0	99999999999999999	1	360	96.97412353923204
0	99999999999999999	0	99999999999999999	78.74396135265701
0	99999999999999999	0	99999999999999999	85.28481012658227
1	605	1	609	87.16535433070867
1	450	1	454	92.9359243697479
0	99999999999999999	0	99999999999999999	87.03288490284007
1	493	0	99999999999999999	89.74763406940063
0	99999999999999999	1	258	79.24107142857142
0	99999999999999999	1	360	95.17804154302671
1	311	1	420	97.51515151515152
0	99999999999999999	1	360	97.75739041794088
0	99999999999999999	1	360	96.83098591549296
0	99999999999999999	0	99999999999999999	77.50809061488673
0	99999999999999999	0	99999999999999999	76.41579731743667
0	99999999999999999	0	99999999999999999	71.06331168831169
0	99999999999999999	1	348	86.37907608695653
0	99999999999999999	1	264	88.10137457044674
0	99999999999999999	1	126	92.76785714285714
0	99999999999999999	1	229	94.1205533596838
0	99999999999999999	1	225	90.85000000000001
1	184	1	188	91.49061032863848
0	99999999999999999	1	360	95.56159420289853
0	99999999999999999	1	400	95.91176470588236
0	99999999999999999	0	99999999999999999	76.00321027287319
0	99999999999999999	0	99999999999999999	83.37398373983739
0	99999999999999999	1	420	74.47033898305085
1	179	1	189	80.9
0	99999999999999999	1	193	83.86075949367088
1	316	1	320	87.2983870967742
0	99999999999999999	1	420	88.71391076115486
1	244	1	248	94.19811320754717
0	99999999999999999	1	150	77.18446601941747
0	99999999999999999	1	394	95.51204819277109
1	540	1	420	98.8405336721728
0	99999999999999999	0	99999999999999999	75.70480928689884
0	99999999999999999	0	99999999999999999	82.22940226171244
0	99999999999999999	0	99999999999999999	81.67752442996743
1	643	1	647	87.20014992503748
0	99999999999999999	1	562	93.36864406779661
1	277	1	281	93.22240259740259
1	255	1	259	94.41021126760563
1	308	1	312	92.9054054054054
0	99999999999999999	1	360	95.65462753950337
0	99999999999999999	1	420	98.77507716049382
1	3177	1	360	99.35490693739423
0	99999999999999999	0	99999999999999999	71.91971383147855
0	99999999999999999	0	99999999999999999	81.67752442996742
0	99999999999999999	1	371	90.89425587467363
1	272	1	276	93.3970099667774
0	99999999999999999	1	131	86.55660377358491
0	99999999999999999	1	529	89.76086956521739
0	99999999999999999	1	373	95.44887780548626
1	224	1	228	94.49404761904762
1	210	1	266	96.57894736842104
0	99999999999999999	1	198	93.24324324324326
0	99999999999999999	1	360	99.43931398416886
1	141	1	145	71.9047619047619
0	99999999999999999	0	99999999999999999	73.36601307189542
0	99999999999999999	0	99999999999999999	85.8642972536349
0	99999999999999999	1	335	88.6049723756906
1	377	1	390	92.41504854368932
0	99999999999999999	1	259	91.59407665505228
1	289	1	293	83.62926136363637
0	99999999999999999	1	360	93.00433839479392
1	192	1	196	90.68287037037038
1	536	1	360	96.2041884816754
1	723	1	360	97.1546052631579
0	99999999999999999	0	99999999999999999	67.52032520325203
0	99999999999999999	0	99999999999999999	88.03453947368422
0	99999999999999999	1	555	86.95934256055364
1	626	1	682	91.35977337110481
1	420	1	451	87.84946236559139
0	99999999999999999	1	360	84.1376582278481
1	309	1	313	96.3213213213213
1	278	1	282	88.52272727272727
1	220	1	267	91.56779661016948
1	226	1	230	92.32625482625483
1	386	1	420	99.11035226455786
0	99999999999999999	0	99999999999999999	80.03273322422258
0	99999999999999999	0	99999999999999999	79.50626959247649
0	99999999999999999	0	99999999999999999	83.71710526315789
0	99999999999999999	1	244	78.13688212927755
0	99999999999999999	1	480	89.93226600985221
0	99999999999999999	1	360	91.34887005649716
1	159	1	163	84.11214953271028
0	99999999999999999	1	265	91.75257731958764
1	192	1	283	94.9074074074074
1	176	1	229	92.66732283464566
1	279	1	360	98.72329773030707
0	99999999999999999	0	99999999999999999	75.16260162601625
0	99999999999999999	0	99999999999999999	81.301824212272
1	639	1	643	86.63793103448275
0	99999999999999999	0	99999999999999999	87.56028938906753
0	99999999999999999	1	384	92.68364928909952
1	327	1	334	89.61218836565098
0	99999999999999999	1	420	94.15796344647521
0	99999999999999999	1	210	90.17094017094017
1	425	1	540	97.69372693726936
1	244	1	256	82.85714285714286
0	99999999999999999	1	360	98.63794435857805
0	99999999999999999	0	99999999999999999	75.45081967213116
1	388	1	392	82.25058004640371
0	99999999999999999	0	99999999999999999	82.8076323987539
1	305	1	309	91.42749244712991
0	99999999999999999	0	99999999999999999	80.82942097026606
1	172	1	180	79.88683127572017
1	243	1	360	93.34291187739463
0	99999999999999999	1	143	82.0
1	337	1	420	96.68949771689498
1	273	1	424	96.40066964285712
1	834	1	420	97.81123481781378
1	132	1	136	74.2984693877551
0	99999999999999999	0	99999999999999999	84.98389694041867
1	602	1	619	81.33667180277351
0	99999999999999999	1	273	87.75167785234899
0	99999999999999999	0	99999999999999999	85.20485584218513
0	99999999999999999	1	642	95.01510574018127
1	224	1	228	90.67460317460318
0	99999999999999999	1	139	79.5945945945946
0	99999999999999999	1	620	96.02096273291926
1	259	1	263	90.71180555555554
1	1131	1	1135	97.83031088082902
0	99999999999999999	0	99999999999999999	74.59150326797386
0	99999999999999999	0	99999999999999999	77.0259319286872
0	99999999999999999	0	99999999999999999	80.4119547657512
0	99999999999999999	1	557	91.83848797250859
1	516	1	520	94.02071563088512
0	99999999999999999	1	455	90.85429769392034
0	99999999999999999	1	360	93.61111111111111
0	99999999999999999	1	360	95.37996545768566
0	99999999999999999	1	163	90.625
1	330	1	360	94.3526170798898
0	99999999999999999	1	167	92.1875
0	99999999999999999	0	99999999999999999	79.5613354037267
0	99999999999999999	0	99999999999999999	78.59450726978999
0	99999999999999999	0	99999999999999999	84.91512345679013
1	189	1	242	95.73970037453184
0	99999999999999999	1	142	92.69578313253012
1	530	1	534	96.93181818181817
0	99999999999999999	1	145	89.53313253012047
0	99999999999999999	1	188	92.62971698113208
0	99999999999999999	1	420	98.125
0	99999999999999999	1	360	98.78736234923964
0	99999999999999999	1	1910	98.49093264248705
0	99999999999999999	0	99999999999999999	73.65079365079366
0	99999999999999999	1	182	76.82926829268294
1	202	1	240	90.68532818532817
0	99999999999999999	0	99999999999999999	82.09349593495934
0	99999999999999999	1	540	84.69601677148846
0	99999999999999999	1	360	93.75
0	99999999999999999	1	540	88.41719077568135
1	291	1	295	93.7895569620253
1	219	1	223	89.22064777327937
1	191	1	199	80.05725190839695
1	539	1	420	98.64708603145236
0	99999999999999999	0	99999999999999999	78.48200312989046
0	99999999999999999	0	99999999999999999	77.31404958677686
0	99999999999999999	0	99999999999999999	86.82926829268293
1	408	1	424	86.96581196581197
1	333	1	337	89.26240208877284
1	481	1	486	93.4171597633136
1	238	1	360	89.83812949640287
1	368	1	372	90.5625
1	376	1	380	95.98651960784314
0	99999999999999999	1	360	98.26595744680853
0	99999999999999999	1	360	94.34865900383141
0	99999999999999999	1	423	77.17725409836066
0	99999999999999999	0	99999999999999999	84.672131147541
1	521	1	603	82.89473684210526
0	99999999999999999	1	184	91.72705314009663
0	99999999999999999	1	310	90.55810397553516
0	99999999999999999	1	368	92.5820707070707
0	99999999999999999	1	143	90.49079754601227
1	569	1	573	95.30456852791879
1	446	1	450	85.64629258517033
1	1457	1	2165	99.46322521699406
1	341	1	940	98.71861924686192
0	99999999999999999	0	99999999999999999	73.47359735973598
0	99999999999999999	0	99999999999999999	77.38287560581584
0	99999999999999999	0	99999999999999999	86.87499999999999
0	99999999999999999	0	99999999999999999	90.01597444089455
0	99999999999999999	1	364	91.66666666666666
1	249	1	253	94.82276119402985
1	326	1	420	85.43209876543209
0	99999999999999999	1	163	86.46341463414635
0	99999999999999999	1	215	86.38132295719845
0	99999999999999999	1	293	95.01582278481013
0	99999999999999999	1	360	97.82608695652173
0	99999999999999999	0	99999999999999999	71.14520958083833
0	99999999999999999	0	99999999999999999	71.9551282051282
0	99999999999999999	0	99999999999999999	83.167495854063
1	338	1	342	90.68559556786705
1	298	1	302	89.17173252279635
1	189	1	206	89.93506493506494
0	99999999999999999	1	133	77.13068181818181
1	249	1	360	93.84984025559105
0	99999999999999999	1	420	93.37044534412955
0	99999999999999999	1	137	86.9496855345912
0	99999999999999999	1	420	98.5266604303087
0	99999999999999999	0	99999999999999999	72.14052287581698
0	99999999999999999	0	99999999999999999	79.17355371900827
0	99999999999999999	0	99999999999999999	78.796992481203
1	298	1	323	82.76098901098901
1	245	1	298	91.79566563467493
0	99999999999999999	1	124	83.46774193548387
0	99999999999999999	1	360	93.53099730458221
1	230	1	509	96.72284644194758
0	99999999999999999	1	480	98.95510835913313
0	99999999999999999	1	262	92.70104895104895
1	281	1	540	99.77113361901053
0	99999999999999999	0	99999999999999999	79.37396351575457
0	99999999999999999	0	99999999999999999	84.672131147541
1	324	1	328	89.29577464788733
1	655	1	659	83.21870701513068
1	134	1	138	71.82926829268293
0	99999999999999999	1	312	90.14705882352942
1	686	1	690	94.62780898876403
1	444	1	540	96.93693693693693
0	99999999999999999	1	134	74.61538461538461
1	1094	1	480	98.77328080229228
0	99999999999999999	1	360	97.01409495548961
0	99999999999999999	1	540	79.47222222222221
0	99999999999999999	0	99999999999999999	77.1705426356589
1	314	1	318	83.7874659400545
0	99999999999999999	0	99999999999999999	85.03875968992249
0	99999999999999999	0	99999999999999999	91.1875945537065
0	99999999999999999	1	316	93.8782991202346
1	249	1	360	90.9090909090909
0	99999999999999999	1	380	90.14303482587066
0	99999999999999999	1	360	98.45854922279793
0	99999999999999999	1	420	97.98439531859557
1	615	1	619	97.08850931677019
0	99999999999999999	0	99999999999999999	76.69421487603307
0	99999999999999999	0	99999999999999999	76.18078175895766
0	99999999999999999	0	99999999999999999	84.80392156862744
0	99999999999999999	0	99999999999999999	84.30511182108627
0	99999999999999999	1	196	88.671875
0	99999999999999999	1	324	90.9090909090909
0	99999999999999999	1	480	94.40515806988353
1	180	1	274	94.27257525083613
1	249	1	251	83.4375
1	233	1	600	98.75930521091813
1	424	1	443	92.65151515151514
0	99999999999999999	0	99999999999999999	85.87538226299694
0	99999999999999999	0	99999999999999999	72.88961038961038
0	99999999999999999	1	480	70.32352941176471
1	429	1	505	86.97727272727272
0	99999999999999999	1	480	93.71980676328502
1	563	1	567	91.30258899676376
0	99999999999999999	1	327	93.27195467422095
0	99999999999999999	1	420	96.60987482614743
0	99999999999999999	1	307	86.52108433734941
0	99999999999999999	1	303	94.3287037037037
0	99999999999999999	1	360	98.82656458055924
0	99999999999999999	0	99999999999999999	79.17355371900827
0	99999999999999999	1	253	78.91187050359713
0	99999999999999999	0	99999999999999999	79.86760124610592
1	264	1	268	91.015625
0	99999999999999999	1	362	91.10389610389609
0	99999999999999999	1	540	88.24324324324326
0	99999999999999999	1	480	95.96354166666667
1	574	1	480	98.1990231990232
1	230	1	250	87.49999999999999
0	99999999999999999	1	259	93.11846689895471
1	1089	1	480	99.57817431415393
0	99999999999999999	0	99999999999999999	79.17355371900827
0	99999999999999999	0	99999999999999999	83.95897832817336
0	99999999999999999	0	99999999999999999	87.63138138138136
0	99999999999999999	1	382	82.92383292383292
0	99999999999999999	1	210	93.56223175965665
1	288	1	292	87.98701298701299
0	99999999999999999	1	223	94.80846774193547
1	210	1	214	93.51464435146444
1	316	1	320	93.1686046511628
0	99999999999999999	1	295	93.7109375
1	336	1	340	95.89136490250696
0	99999999999999999	0	99999999999999999	72.51937984496124
0	99999999999999999	0	99999999999999999	80.15297906602254
0	99999999999999999	0	99999999999999999	82.26059654631082
0	99999999999999999	0	99999999999999999	89.84615384615384
0	99999999999999999	1	251	83.97435897435898
1	170	1	174	83.40807174887892
0	99999999999999999	1	460	96.12422997946612
1	256	1	260	87.67421602787456
1	499	1	517	92.60964912280701
1	262	1	360	91.21732026143792
1	1150	1	1154	99.02542372881356
0	99999999999999999	0	99999999999999999	76.32669983416253
0	99999999999999999	0	99999999999999999	89.88941548183256
1	484	1	554	89.10149750415972
0	99999999999999999	0	99999999999999999	87.05426356589147
0	99999999999999999	1	360	78.86513157894737
1	288	1	292	94.81132075471699
1	146	1	150	83.31218274111674
0	99999999999999999	1	305	93.97727272727272
0	99999999999999999	1	133	81.83962264150944
1	300	1	337	93.99171270718233
1	283	1	287	90.42467948717947
0	99999999999999999	0	99999999999999999	73.8391376451078
0	99999999999999999	0	99999999999999999	80.1948051948052
0	99999999999999999	0	99999999999999999	82.90895061728395
0	99999999999999999	1	470	87.87955465587044
1	249	1	253	95.26173285198556
0	99999999999999999	1	318	92.47787610619467
1	379	1	386	92.45169082125602
0	99999999999999999	1	176	82.59493670886076
0	99999999999999999	1	124	87.751677852349
0	99999999999999999	1	360	94.89628820960701
1	412	1	430	95.7967032967033
0	99999999999999999	0	99999999999999999	74.47411003236245
0	99999999999999999	0	99999999999999999	71.7065868263473
0	99999999999999999	1	480	89.87630208333334
0	99999999999999999	1	480	74.79651162790698
1	210	1	248	93.13186813186815
0	99999999999999999	1	423	86.23024830699775
1	226	1	417	93.46846846846847
1	421	1	425	94.93318485523385
1	459	1	420	97.04954954954955
0	99999999999999999	1	360	92.43515850144092
0	99999999999999999	1	249	91.57608695652175
0	99999999999999999	0	99999999999999999	78.59450726978997
0	99999999999999999	0	99999999999999999	81.11455108359132
0	99999999999999999	1	492	88.25096899224806
1	186	1	190	84.20212765957447
0	99999999999999999	1	540	87.57845188284519
0	99999999999999999	1	360	81.2111801242236
0	99999999999999999	1	210	94.36170212765957
1	495	1	853	96.04737442922374
0	99999999999999999	1	360	96.68604651162791
1	309	1	313	91.97443181818181
0	99999999999999999	1	129	86.03896103896103
1	388	1	392	82.68540669856459
0	99999999999999999	0	99999999999999999	85.67026194144839
0	99999999999999999	0	99999999999999999	84.42429022082018
0	99999999999999999	0	99999999999999999	79.88707165109034
0	99999999999999999	1	302	92.96636085626912
0	99999999999999999	1	306	89.2966360856269
0	99999999999999999	1	360	79.89649681528662
0	99999999999999999	1	230	90.64922480620154
0	99999999999999999	1	360	96.2953629032258
0	99999999999999999	1	360	95.59143686502176
1	290	1	714	98.44815825375171
0	99999999999999999	0	99999999999999999	75.33003300330034
0	99999999999999999	0	99999999999999999	79.43615257048093
0	99999999999999999	0	99999999999999999	90.56451612903226
0	99999999999999999	1	480	79.76470588235293
0	99999999999999999	1	600	90.0
1	221	1	252	90.71557971014492
0	99999999999999999	1	157	92.56944444444444
0	99999999999999999	1	124	78.05397727272727
1	254	1	264	86.46153846153847
0	99999999999999999	1	360	98.22916666666667
1	1156	1	420	98.84505314799672
0	99999999999999999	0	99999999999999999	86.59688013136288
0	99999999999999999	0	99999999999999999	82.9782958199357
0	99999999999999999	0	99999999999999999	80.87539432176656
1	620	1	624	85.23606811145511
1	249	1	255	91.22340425531914
1	591	1	609	86.21845425867508
1	227	1	231	93.18627450980392
0	99999999999999999	1	264	86.57894736842105
0	99999999999999999	1	129	80.859375
0	99999999999999999	1	142	74.70095693779905
1	275	1	375	96.04114713216957
1	387	1	391	91.99507389162562
0	99999999999999999	0	99999999999999999	74.11433172302736
1	135	1	146	86.12716763005781
0	99999999999999999	1	226	89.13690476190477
0	99999999999999999	1	486	89.43248532289627
0	99999999999999999	1	480	95.34828244274809
1	480	1	484	94.873046875
0	99999999999999999	1	407	92.87790697674419
1	469	1	480	97.22675367047309
0	99999999999999999	1	276	93.27242524916943
1	558	1	754	97.35237483953787
0	99999999999999999	0	99999999999999999	78.19237147595356
0	99999999999999999	0	99999999999999999	80.84
0	99999999999999999	1	482	88.9136904761905
1	565	1	569	89.34748427672956
0	99999999999999999	0	99999999999999999	86.65354330708662
0	99999999999999999	1	158	91.07142857142856
1	546	1	660	95.16961651917404
1	260	1	264	92.86971830985914
1	417	1	360	94.51219512195121
0	99999999999999999	1	360	97.72228320526894
0	99999999999999999	1	360	97.90676959619954
0	99999999999999999	0	99999999999999999	74.58813838550246
0	99999999999999999	0	99999999999999999	85.47406807131279
0	99999999999999999	1	612	86.82646592709985
1	419	1	423	80.77515400410678
0	99999999999999999	1	264	80.96504559270518
1	487	1	491	92.00980392156862
1	426	1	420	97.60886469673406
0	99999999999999999	1	291	94.4794952681388
0	99999999999999999	1	163	87.03703703703702
1	276	1	280	95.25862068965517
1	416	1	1845	99.12479957242115
0	99999999999999999	0	99999999999999999	74.13522012578618
0	99999999999999999	0	99999999999999999	80.64516129032258
0	99999999999999999	0	99999999999999999	87.82991202346041
1	193	1	208	88.62028301886792
1	272	1	276	87.0782208588957
0	99999999999999999	1	183	83.97129186602872
0	99999999999999999	1	360	94.60735586481113
0	99999999999999999	1	207	91.48471615720524
0	99999999999999999	1	360	98.49424269264837
1	1423	1	360	99.11274746499275
0	99999999999999999	0	99999999999999999	83.68610223642172
0	99999999999999999	0	99999999999999999	83.12220566318928
1	494	1	498	90.9416826003824
1	609	1	613	92.78996865203763
1	434	1	438	95.225321888412
0	99999999999999999	1	389	94.60365853658537
0	99999999999999999	1	208	90.86538461538463
0	99999999999999999	1	129	92.12662337662339
0	99999999999999999	1	420	94.8989898989899
1	275	1	360	94.0
1	177	1	181	90.68509615384616
0	99999999999999999	0	99999999999999999	79.09647779479326
0	99999999999999999	0	99999999999999999	76.30451713395641
0	99999999999999999	1	387	86.08433734939759
0	99999999999999999	1	394	85.91507177033492
0	99999999999999999	1	420	87.73648648648648
0	99999999999999999	1	277	93.66666666666666
1	733	1	737	93.91447368421052
1	361	1	480	95.21889400921658
0	99999999999999999	1	287	92.71496815286623
0	99999999999999999	1	232	92.27362204724409
1	2275	1	2279	99.35382276281494
0	99999999999999999	0	99999999999999999	73.71688741721854
0	99999999999999999	0	99999999999999999	86.27694859038142
0	99999999999999999	1	305	89.72953216374269
1	401	1	428	91.87500000000001
0	99999999999999999	1	373	91.52010050251255
0	99999999999999999	1	339	90.63370473537603
1	282	1	287	90.08196721311475
1	202	1	450	97.54273504273502
0	99999999999999999	1	229	93.00595238095238
1	154	1	161	78.33333333333331
0	99999999999999999	1	420	96.98540706605223
1	415	1	422	87.86191536748329
0	99999999999999999	0	99999999999999999	75.9959349593496
0	99999999999999999	1	182	87.31796116504856
0	99999999999999999	1	261	88.12949640287769
1	245	1	360	77.29838709677419
0	99999999999999999	1	338	93.45890410958904
1	340	1	420	84.18491484184915
1	325	1	409	97.23837209302326
1	316	1	320	93.94927536231884
0	99999999999999999	1	356	93.49999999999999
1	188	1	607	96.55511811023622
0	99999999999999999	0	99999999999999999	75.08090614886731
0	99999999999999999	0	99999999999999999	82.03957382039573
0	99999999999999999	1	442	87.19696969696967
0	99999999999999999	1	127	77.13068181818183
0	99999999999999999	1	169	85.781990521327
1	253	1	257	91.7982456140351
1	485	1	489	87.67985611510794
0	99999999999999999	1	360	93.78109452736318
1	407	1	360	93.59339407744875
0	99999999999999999	1	360	98.64070536370315
0	99999999999999999	1	360	97.83118405627198
0	99999999999999999	0	99999999999999999	79.38596491228068
0	99999999999999999	0	99999999999999999	84.8583460949464
1	540	1	544	84.16080843585239
0	99999999999999999	1	453	89.12721893491124
0	99999999999999999	1	382	94.13965087281798
0	99999999999999999	1	164	90.67460317460318
1	181	1	224	74.44158075601375
1	303	1	468	96.41038696537679
0	99999999999999999	1	338	87.81645569620252
0	99999999999999999	1	311	89.97005988023952
0	99999999999999999	1	136	86.45209580838323
0	99999999999999999	0	99999999999999999	75.08223684210526
0	99999999999999999	0	99999999999999999	78.39607201309329
1	281	1	285	85.88709677419357
1	342	1	346	92.89148351648352
0	99999999999999999	1	203	88.85281385281387
0	99999999999999999	1	269	89.14695945945947
1	390	1	420	94.56618962432916
0	99999999999999999	1	159	93.24866310160428
1	229	1	486	97.83138401559454
0	99999999999999999	1	360	95.45951859956236
1	545	1	709	98.58843537414967
0	99999999999999999	0	99999999999999999	72.73476112026358
0	99999999999999999	0	99999999999999999	78.5493827160494
0	99999999999999999	1	494	74.78406909788868
0	99999999999999999	0	99999999999999999	81.24113475177305
0	99999999999999999	1	461	81.3268442622951
0	99999999999999999	1	139	91.02941176470587
0	99999999999999999	1	360	78.56083086053413
0	99999999999999999	1	420	86.57670454545453
0	99999999999999999	1	360	91.89497716894977
1	313	1	317	92.56559766763849
0	99999999999999999	1	195	91.51162790697676
0	99999999999999999	0	99999999999999999	79.126213592233
0	99999999999999999	1	322	80.88872832369943
0	99999999999999999	0	99999999999999999	83.57605177993528
1	433	1	454	84.15221579961465
1	659	1	663	93.76854599406528
0	99999999999999999	1	143	73.48484848484848
1	301	1	305	90.66091954022988
1	245	1	360	89.45729537366549
0	99999999999999999	1	184	89.76190476190476
1	310	1	314	93.76865671641791
0	99999999999999999	1	178	94.36881188118811
0	99999999999999999	0	99999999999999999	66.12111292962356
0	99999999999999999	0	99999999999999999	76.50577557755776
1	427	1	540	79.53091684434969
0	99999999999999999	1	249	93.98496240601503
1	332	1	393	91.60756501182033
1	240	1	360	91.61073825503355
1	233	1	360	95.67174515235457
0	99999999999999999	1	124	75.20604395604396
0	99999999999999999	1	151	89.35714285714285
0	99999999999999999	1	139	88.02395209580837
0	99999999999999999	1	420	97.10553278688523
0	99999999999999999	0	99999999999999999	81.16721854304637
0	99999999999999999	0	99999999999999999	80.99124203821657
0	99999999999999999	1	360	85.06736526946108
0	99999999999999999	0	99999999999999999	83.50722311396467
1	244	1	250	90.19784172661869
1	525	1	600	93.91711229946523
0	99999999999999999	1	204	85.46255506607928
0	99999999999999999	1	452	94.84832635983264
0	99999999999999999	1	346	95.02032520325203
1	278	1	360	95.91954022988504
1	1078	1	420	99.10397444996453
0	99999999999999999	0	99999999999999999	79.99219968798752
0	99999999999999999	1	197	89.82954545454547
1	587	1	600	86.66792738275342
1	426	1	436	84.1804979253112
0	99999999999999999	0	99999999999999999	86.03486646884274
1	789	1	858	95.31426953567384
0	99999999999999999	1	270	93.00847457627118
0	99999999999999999	1	436	90.91157205240175
1	461	1	420	98.31649831649831
0	99999999999999999	1	161	87.91666666666667
0	99999999999999999	1	218	94.6938775510204
0	99999999999999999	0	99999999999999999	75.14415156507414
0	99999999999999999	1	617	91.24031007751937
0	99999999999999999	0	99999999999999999	83.37458745874586
1	499	1	503	93.0871212121212
0	99999999999999999	1	589	95.64238952536826
1	328	1	350	94.70509383378015
1	127	1	131	77.79255319148936
1	121	1	124	72.98177083333333
0	99999999999999999	1	420	95.8096590909091
1	172	1	176	79.23469387755102
1	2940	1	480	99.55504038288962
0	99999999999999999	0	99999999999999999	72.59535655058043
0	99999999999999999	0	99999999999999999	79.32847896440128
1	580	1	591	85.17665130568356
0	99999999999999999	1	249	84.42622950819671
0	99999999999999999	1	488	86.39359698681733
0	99999999999999999	1	383	90.82512315270935
1	390	1	394	95.91463414634146
1	305	1	309	94.44444444444443
1	1079	1	480	97.95191451469277
1	327	1	331	96.66432584269664
1	293	1	644	97.5824587706147
0	99999999999999999	0	99999999999999999	76.32669983416251
0	99999999999999999	0	99999999999999999	93.9756671899529
0	99999999999999999	1	443	86.63978494623656
1	314	1	318	79.27927927927928
1	206	1	210	92.18061674008811
0	99999999999999999	1	268	90.1360544217687
1	359	1	363	89.54714640198512
0	99999999999999999	1	367	92.64705882352942
1	299	1	303	95.74386503067484
1	316	1	330	95.39106145251397
0	99999999999999999	1	360	97.15346534653466
0	99999999999999999	0	99999999999999999	83.95638629283488
0	99999999999999999	0	99999999999999999	79.01284109149277
0	99999999999999999	1	360	81.20335820895524
0	99999999999999999	1	128	88.75
0	99999999999999999	1	420	88.95348837209302
0	99999999999999999	1	607	89.0995260663507
1	224	1	228	91.74901185770752
1	313	1	395	93.4976247030879
0	99999999999999999	1	360	94.3733153638814
1	743	1	420	98.73878923766816
1	1139	1	540	99.23349056603773
0	99999999999999999	0	99999999999999999	67.75590551181102
0	99999999999999999	1	428	84.5603813559322
0	99999999999999999	1	308	81.4179104477612
0	99999999999999999	1	242	86.31628787878788
0	99999999999999999	0	99999999999999999	90.81513260530423
0	99999999999999999	1	360	91.46341463414635
0	99999999999999999	1	600	87.1933962264151
0	99999999999999999	1	360	97.40634005763688
1	292	1	322	95.59248554913293
1	509	1	480	97.70569620253163
1	389	1	360	96.92400482509046
0	99999999999999999	0	99999999999999999	73.9951768488746
0	99999999999999999	0	99999999999999999	78.49593495934958
0	99999999999999999	0	99999999999999999	84.89345509893455
0	99999999999999999	0	99999999999999999	74.73118279569894
0	99999999999999999	1	360	79.26282051282053
1	699	1	600	95.1936141304348
0	99999999999999999	1	540	91.2109375
0	99999999999999999	1	357	96.8584656084656
1	289	1	360	95.08587786259542
0	99999999999999999	1	420	99.27071178529755
0	99999999999999999	0	99999999999999999	72.93977812995246
0	99999999999999999	1	600	71.625
0	99999999999999999	0	99999999999999999	81.49300155520994
0	99999999999999999	1	279	90.19039735099338
0	99999999999999999	1	737	92.63157894736841
0	99999999999999999	1	540	89.21306209850108
1	326	1	330	93.55300859598853
1	314	1	360	91.15598885793872
0	99999999999999999	1	186	91.23222748815165
0	99999999999999999	1	716	96.7823450134771
0	99999999999999999	1	145	91.8154761904762
0	99999999999999999	0	99999999999999999	64.51077943615256
0	99999999999999999	1	330	85.80508474576271
0	99999999999999999	0	99999999999999999	89.09744408945687
0	99999999999999999	1	133	86.01973684210526
1	153	1	168	76.78571428571429
1	227	1	231	94.12055335968378
0	99999999999999999	1	420	80.81717451523546
0	99999999999999999	1	169	90.73834196891191
0	99999999999999999	1	360	95.91463414634146
1	673	1	1486	99.08940397350993
1	817	1	600	99.12618483412322
0	99999999999999999	0	99999999999999999	85.56743421052632
0	99999999999999999	0	99999999999999999	74.0768094534712
0	99999999999999999	1	550	84.94176372712147
1	249	1	253	87.36702127659574
1	360	1	380	94.07407407407408
1	446	1	510	85.45825771324864
1	235	1	360	92.38782051282051
1	385	1	420	91.44597457627118
1	345	1	349	95.81099195710456
1	425	1	480	98.31409477521264
1	2073	1	2705	99.5827219369039
