0	99999999999999999	0	99999999999999999	73.41772151898734
0	99999999999999999	0	99999999999999999	79.21853388658367
1	440	1	602	90.5185758513932
1	461	1	542	90.59734513274337
1	439	1	555	96.57917383820997
1	601	1	622	94.11651234567901
0	99999999999999999	1	198	90.97533632286996
1	329	1	359	95.54263565891473
1	330	1	353	95.99867724867725
0	99999999999999999	1	170	90.64102564102565
1	218	1	232	93.04474708171206
0	99999999999999999	1	480	79.32577565632458
0	99999999999999999	0	99999999999999999	73.05555555555554
0	99999999999999999	0	99999999999999999	83.04294975688816
0	99999999999999999	0	99999999999999999	77.76532137518684
1	391	1	406	95.26785714285714
1	506	1	559	91.73838209982789
1	206	1	215	93.09071729957806
1	233	1	474	96.28514056224898
1	130	1	232	95.18072289156626
1	270	1	406	97.48243559718969
1	1110	1	1114	98.70614035087719
0	99999999999999999	0	99999999999999999	71.41109298531809
0	99999999999999999	1	480	90.78014184397163
0	99999999999999999	0	99999999999999999	88.11538461538461
1	535	1	539	95.29593639575971
1	260	1	264	87.75862068965516
0	99999999999999999	1	635	95.18504531722054
1	549	1	562	95.1923076923077
1	328	1	400	92.67647058823529
1	200	1	762	97.56679389312976
1	291	1	514	95.84879406307977
1	677	1	699	97.99446749654219
0	99999999999999999	1	360	66.55737704918033
0	99999999999999999	0	99999999999999999	74.83870967741936
0	99999999999999999	0	99999999999999999	79.17355371900827
1	435	1	439	87.12039045553145
0	99999999999999999	1	360	88.56292517006804
1	402	1	406	83.31545064377681
1	279	1	292	94.24342105263159
1	669	1	695	96.56726768377254
1	347	1	400	94.95249406175773
1	339	1	503	94.5785984848485
0	99999999999999999	1	192	88.49299065420561
0	99999999999999999	0	99999999999999999	77.55102040816325
0	99999999999999999	0	99999999999999999	73.71688741721856
1	530	0	99999999999999999	87.25247524752474
0	99999999999999999	0	99999999999999999	84.65266558966076
0	99999999999999999	1	360	93.08206106870229
1	306	1	329	90.75630252100841
1	428	1	510	94.19475655430712
1	322	1	339	91.89814814814815
1	261	1	265	94.87068965517241
1	234	1	844	97.9214780600462
1	225	1	360	91.18497109826589
1	409	0	99999999999999999	78.52459016393443
0	99999999999999999	0	99999999999999999	73.14216478190632
0	99999999999999999	0	99999999999999999	79.67741935483872
0	99999999999999999	0	99999999999999999	81.93403298350825
1	484	1	488	80.69887429643528
0	99999999999999999	0	99999999999999999	93.6231884057971
1	318	1	322	91.54624277456648
0	99999999999999999	1	509	95.16355140186916
1	146	1	162	85.68075117370893
1	258	1	311	94.61077844311377
0	99999999999999999	1	512	95.4757462686567
0	99999999999999999	0	99999999999999999	77.70833333333333
0	99999999999999999	1	600	83.82782101167315
0	99999999999999999	0	99999999999999999	86.15785256410257
0	99999999999999999	1	426	92.84922394678492
1	371	1	394	86.90191387559808
1	302	1	306	87.65290519877676
1	414	1	720	91.83400267737618
1	222	1	247	93.77323420074349
0	99999999999999999	1	228	90.95849802371542
1	492	1	525	96.15732368896926
1	367	1	371	87.09770114942529
0	99999999999999999	0	99999999999999999	73.47359735973598
0	99999999999999999	0	99999999999999999	80.43400286944045
1	203	0	99999999999999999	91.30081300813006
1	536	0	99999999999999999	92.06031976744185
1	372	1	376	88.24228028503562
1	331	1	385	90.14204545454545
1	294	1	307	93.99847094801221
1	441	1	445	95.65565031982942
0	99999999999999999	1	284	94.13430420711975
1	519	1	562	96.48305084745763
0	99999999999999999	1	454	96.92708333333334
0	99999999999999999	0	99999999999999999	70.88735818476499
0	99999999999999999	1	360	84.95222929936307
1	536	1	687	89.76638772663877
1	324	1	328	88.21022727272727
1	353	1	378	93.60831234256926
1	402	1	596	87.13884430176566
1	116	1	357	95.69190600522194
0	99999999999999999	1	252	92.10288808664261
0	99999999999999999	1	191	90.4816513761468
1	230	1	371	93.54430379746836
0	99999999999999999	1	378	94.89480198019803
0	99999999999999999	0	99999999999999999	77.69413629160063
1	418	0	99999999999999999	90.59139784946237
1	202	1	206	89.86051502145922
0	99999999999999999	0	99999999999999999	92.48807631160572
0	99999999999999999	1	360	93.75
1	133	1	255	92.68953068592057
1	417	1	435	95.46195652173913
1	389	1	407	90.07270693512304
0	99999999999999999	1	351	89.19999999999999
0	99999999999999999	1	364	95.32051282051283
1	250	1	273	94.43521594684385
0	99999999999999999	0	99999999999999999	79.71544715447153
0	99999999999999999	0	99999999999999999	74.83870967741936
0	99999999999999999	0	99999999999999999	84.88549618320612
1	418	0	99999999999999999	88.1452802359882
0	99999999999999999	0	99999999999999999	88.22852760736197
0	99999999999999999	1	360	78.42409240924093
1	329	1	356	94.16226912928758
1	240	1	254	84.31603773584906
1	205	1	209	90.81196581196582
1	120	1	272	94.64285714285714
1	164	1	168	90.67357512953367
0	99999999999999999	1	360	64.73214285714285
1	646	1	673	78.91816920943134
1	601	1	605	89.68253968253967
1	383	1	417	91.92004504504504
0	99999999999999999	1	360	79.02097902097903
0	99999999999999999	1	137	87.89556962025317
1	170	1	185	85.48553719008265
1	192	1	196	92.46651785714286
1	313	1	382	95.97772277227722
1	573	1	598	96.7147435897436
1	529	1	610	97.44496855345912
0	99999999999999999	0	99999999999999999	79.38311688311688
0	99999999999999999	1	600	81.86180422264874
0	99999999999999999	0	99999999999999999	80.52232854864434
1	407	1	501	89.71428571428572
1	186	1	202	87.3878923766816
1	244	1	248	83.48880597014926
1	356	1	406	90.88785046728972
1	264	1	268	94.20415224913495
1	420	1	457	96.72680412371135
1	274	1	278	93.18181818181817
1	300	1	320	93.87608069164267
0	99999999999999999	0	99999999999999999	80.21864686468646
1	351	1	364	79.04589371980677
0	99999999999999999	0	99999999999999999	82.00447093889719
0	99999999999999999	1	360	86.26760563380282
0	99999999999999999	1	360	84.89776951672863
1	353	1	464	84.52157598499062
1	430	1	473	90.6187624750499
0	99999999999999999	1	291	95.47619047619047
1	565	1	681	97.69830028328612
0	99999999999999999	1	354	94.4148936170213
0	99999999999999999	1	740	97.58485639686685
0	99999999999999999	0	99999999999999999	75.50148588410104
1	480	1	484	83.42967244701349
0	99999999999999999	0	99999999999999999	83.50977198697069
1	488	1	492	87.548828125
1	129	1	193	94.76190476190476
1	313	1	328	92.74079320113314
1	180	1	194	83.56164383561642
0	99999999999999999	1	433	87.87960954446854
1	446	1	453	95.7463465553236
1	276	1	322	91.96428571428574
0	99999999999999999	1	454	96.09538784067087
0	99999999999999999	0	99999999999999999	75.27173913043478
1	523	0	99999999999999999	82.92815674891146
0	99999999999999999	0	99999999999999999	70.49586776859503
0	99999999999999999	1	480	76.25313283208021
1	369	1	420	87.87974683544303
1	224	1	360	94.79442970822281
0	99999999999999999	1	151	88.92857142857143
1	238	1	250	85.98901098901098
1	255	1	360	86.23466257668711
1	245	1	324	95.83333333333334
1	985	1	1062	98.28182656826567
0	99999999999999999	0	99999999999999999	80.1482701812191
0	99999999999999999	0	99999999999999999	80.9349593495935
1	307	1	320	95.77312138728324
0	99999999999999999	1	360	85.01712328767124
0	99999999999999999	0	99999999999999999	78.97553516819573
1	238	1	485	93.3578431372549
1	197	1	214	92.23958333333333
1	135	1	139	91.56626506024097
0	99999999999999999	1	134	90.3125
1	355	1	368	94.16035353535354
1	202	1	206	91.77350427350427
0	99999999999999999	0	99999999999999999	70.30228758169933
0	99999999999999999	0	99999999999999999	80.37459283387622
0	99999999999999999	1	360	76.39344262295081
0	99999999999999999	0	99999999999999999	82.90113452188007
1	429	1	433	87.12039045553146
1	200	1	204	92.92763157894737
1	223	1	408	94.44124423963135
1	125	1	142	91.41104294478527
0	99999999999999999	1	132	91.29032258064517
0	99999999999999999	1	212	93.00213675213675
1	640	1	644	96.1696562032885
0	99999999999999999	0	99999999999999999	77.67295597484276
0	99999999999999999	1	483	86.27744510978044
0	99999999999999999	0	99999999999999999	72.70932069510269
1	441	1	446	95.46178343949045
0	99999999999999999	1	245	81.42006802721087
1	404	1	420	89.63888888888889
1	287	1	291	90.34810126582279
1	194	1	208	90.99576271186442
1	465	1	469	94.54868154158216
1	270	1	323	95.70086705202311
1	485	1	489	96.9970703125
0	99999999999999999	0	99999999999999999	81.8541996830428
0	99999999999999999	0	99999999999999999	78.91373801916933
0	99999999999999999	0	99999999999999999	82.60030864197533
0	99999999999999999	1	360	82.88135593220339
1	174	1	198	94.06108597285068
0	99999999999999999	1	184	92.27594339622641
0	99999999999999999	1	360	88.7589928057554
0	99999999999999999	1	138	95.12987012987013
1	284	1	288	93.97394136807817
1	135	1	205	92.26973684210527
1	597	1	638	97.3714069591528
0	99999999999999999	0	99999999999999999	78.49462365591397
0	99999999999999999	0	99999999999999999	80.67993366500829
0	99999999999999999	0	99999999999999999	88.94389438943894
1	180	1	196	92.95454545454544
1	190	1	204	92.11956521739131
1	222	1	235	94.92337164750957
0	99999999999999999	1	302	89.92424242424242
1	474	1	478	95.1305220883534
1	209	1	213	90.71729957805907
1	298	1	463	95.15463917525773
0	99999999999999999	1	302	82.45257452574526
0	99999999999999999	0	99999999999999999	73.47359735973598
0	99999999999999999	0	99999999999999999	73.73778501628664
0	99999999999999999	0	99999999999999999	78.72093023255813
0	99999999999999999	0	99999999999999999	82.24962630792228
1	370	1	374	83.59018264840182
1	188	1	192	88.42592592592592
1	423	1	641	91.67921686746988
1	335	1	339	93.33333333333333
1	279	1	283	95.73863636363637
1	250	1	254	94.39964157706093
0	99999999999999999	1	177	92.28855721393035
0	99999999999999999	0	99999999999999999	68.41021416803954
1	539	1	544	86.37589928057554
1	292	1	305	92.14169381107492
1	573	0	99999999999999999	89.90455212922173
1	424	0	99999999999999999	90.28384279475983
1	330	1	353	92.06081081081082
1	125	1	233	93.9453125
1	427	1	474	91.19718309859154
1	247	1	251	94.50549450549451
1	124	1	664	97.65965166908563
1	205	1	209	90.34334763948497
0	99999999999999999	0	99999999999999999	77.94117647058823
0	99999999999999999	0	99999999999999999	72.93032786885246
1	133	0	99999999999999999	83.74624624624624
1	356	1	360	92.65060240963855
0	99999999999999999	0	99999999999999999	85.23076923076923
0	99999999999999999	1	360	81.57051282051282
1	223	1	227	94.87051792828686
0	99999999999999999	1	202	84.2511013215859
1	129	1	219	93.25313807531381
1	181	1	185	92.0
1	219	1	223	93.34349593495935
0	99999999999999999	0	99999999999999999	74.72266244057052
0	99999999999999999	0	99999999999999999	88.40434083601286
0	99999999999999999	0	99999999999999999	86.13067292644757
0	99999999999999999	0	99999999999999999	83.42391304347827
1	302	1	306	91.69207317073172
1	354	1	358	90.66622691292878
1	305	1	420	84.68934911242603
1	186	1	190	89.60280373831776
1	703	1	902	94.83549083063647
1	249	1	338	94.91758241758241
0	99999999999999999	1	185	87.86231884057972
0	99999999999999999	0	99999999999999999	73.35255354200989
0	99999999999999999	0	99999999999999999	81.98412698412699
0	99999999999999999	0	99999999999999999	79.42122186495176
0	99999999999999999	0	99999999999999999	85.78869047619048
1	405	0	99999999999999999	87.90509259259261
0	99999999999999999	1	216	93.28125
1	301	1	315	87.13450292397661
1	183	1	197	88.50896860986546
1	252	1	256	92.06989247311829
1	300	1	304	95.3409090909091
0	99999999999999999	1	474	96.15963855421688
0	99999999999999999	0	99999999999999999	78.72168284789643
0	99999999999999999	0	99999999999999999	78.61491628614915
1	285	1	289	85.64082278481013
0	99999999999999999	1	362	88.27319587628867
0	99999999999999999	1	366	88.07785888077858
1	417	1	647	94.43198804185351
0	99999999999999999	1	267	82.68900343642612
1	222	1	268	95.76124567474048
0	99999999999999999	1	129	87.5
1	405	1	450	96.12341772151899
1	164	1	168	93.23453608247424
0	99999999999999999	0	99999999999999999	73.48608837970541
0	99999999999999999	1	480	81.12309644670052
0	99999999999999999	0	99999999999999999	81.62790697674419
1	292	1	296	86.03395061728394
1	248	1	360	83.73493975903615
1	303	1	319	95.203488372093
0	99999999999999999	1	203	90.30269058295966
1	339	1	350	93.33554376657825
0	99999999999999999	1	308	90.39909638554217
1	314	1	360	92.64069264069263
0	99999999999999999	1	184	91.60714285714285
0	99999999999999999	0	99999999999999999	78.65353037766832
0	99999999999999999	0	99999999999999999	83.50722311396468
1	316	0	99999999999999999	79.61595273264402
0	99999999999999999	1	366	81.61953727506427
0	99999999999999999	1	360	87.95454545454547
0	99999999999999999	1	138	90.74367088607595
1	466	1	492	93.99319066147861
1	202	1	249	91.96750902527076
0	99999999999999999	1	475	96.37423935091277
1	256	1	260	94.05381944444446
0	99999999999999999	1	154	92.5
0	99999999999999999	0	99999999999999999	68.91447368421053
0	99999999999999999	0	99999999999999999	85.50319488817891
0	99999999999999999	0	99999999999999999	79.54876273653566
0	99999999999999999	1	416	94.57386363636363
1	267	1	360	86.75149700598803
0	99999999999999999	1	360	91.42491467576791
0	99999999999999999	1	375	89.95037220843672
0	99999999999999999	1	137	89.49386503067484
1	235	1	251	91.06498194945848
1	181	1	199	95.47511312217195
1	364	1	436	97.56493506493509
0	99999999999999999	0	99999999999999999	80.30737704918033
0	99999999999999999	0	99999999999999999	72.99180327868852
0	99999999999999999	0	99999999999999999	79.92063492063491
1	236	1	360	93.44106463878327
1	445	1	450	89.28571428571428
0	99999999999999999	1	202	94.71365638766521
1	215	1	242	91.99074074074073
0	99999999999999999	1	335	94.94459833795014
0	99999999999999999	1	270	91.5133779264214
0	99999999999999999	1	186	91.07142857142857
1	321	1	363	94.93506493506493
1	521	0	99999999999999999	80.89231927710843
0	99999999999999999	0	99999999999999999	81.49399399399398
0	99999999999999999	1	480	87.18982630272953
0	99999999999999999	1	440	93.51952277657269
0	99999999999999999	1	374	90.82278481012658
1	319	1	351	94.09814323607426
0	99999999999999999	1	350	95.56666666666666
1	171	1	185	88.59756097560977
1	393	1	496	97.3848368522073
1	220	1	273	94.78114478114477
0	99999999999999999	0	99999999999999999	74.46102819237149
0	99999999999999999	0	99999999999999999	81.25
0	99999999999999999	0	99999999999999999	91.34768740031897
1	745	1	768	89.46788413098236
0	99999999999999999	1	480	82.51903553299492
1	137	1	194	92.07175925925925
1	196	1	200	93.359375
1	196	1	200	91.79515418502203
1	167	1	192	91.0300925925926
1	540	1	544	96.40017667844522
1	274	1	278	95.375
0	99999999999999999	0	99999999999999999	74.09240924092408
0	99999999999999999	0	99999999999999999	87.74590163934425
0	99999999999999999	0	99999999999999999	89.18816388467374
0	99999999999999999	0	99999999999999999	85.7258064516129
1	189	1	208	91.50219298245612
1	432	1	437	95.93340611353712
1	235	1	249	95.54924242424244
0	99999999999999999	1	185	92.2846889952153
1	175	1	338	95.71727019498607
1	454	1	528	97.22727272727272
1	549	1	562	97.05008488964346
0	99999999999999999	0	99999999999999999	79.17355371900827
0	99999999999999999	0	99999999999999999	76.74466338259441
0	99999999999999999	0	99999999999999999	85.23102310231025
0	99999999999999999	1	600	81.97294776119402
1	422	1	623	95.42307692307692
0	99999999999999999	1	159	87.6336898395722
1	316	1	332	94.52683615819208
1	404	1	408	89.34294871794872
1	275	1	380	95.30864197530865
1	1188	1	1192	98.73975409836065
1	154	1	158	91.50815217391305
0	99999999999999999	0	99999999999999999	77.6829268292683
0	99999999999999999	0	99999999999999999	81.19902120717781
0	99999999999999999	0	99999999999999999	82.03629032258064
1	223	1	360	88.33841463414633
1	247	1	307	88.43843843843844
1	434	1	448	91.9831223628692
0	99999999999999999	1	219	91.09375000000001
1	545	1	600	97.43178170144463
1	240	1	244	95.38461538461537
1	1170	1	1184	98.97896039603961
0	99999999999999999	1	428	96.91629955947135
0	99999999999999999	0	99999999999999999	78.9163961038961
0	99999999999999999	0	99999999999999999	72.41935483870968
0	99999999999999999	1	360	90.09515570934256
0	99999999999999999	0	99999999999999999	90.31402936378466
0	99999999999999999	1	254	90.48913043478261
1	729	1	733	96.98275862068965
1	483	1	496	93.66602687140114
1	192	1	275	95.22184300341296
1	419	1	805	97.96441495778046
1	301	1	354	93.96437994722956
0	99999999999999999	1	1179	98.52574750830564
1	405	0	99999999999999999	92.11626139817629
0	99999999999999999	1	603	88.5782747603834
0	99999999999999999	0	99999999999999999	85.63195548489666
1	187	1	210	84.9468085106383
1	284	1	288	83.53571428571428
1	120	1	542	93.90514184397163
1	362	1	369	85.73903002309468
0	99999999999999999	1	220	93.57142857142857
1	279	1	518	97.0710332103321
0	99999999999999999	1	219	91.18852459016392
0	99999999999999999	1	126	89.13398692810458
0	99999999999999999	0	99999999999999999	77.91858678955452
0	99999999999999999	0	99999999999999999	77.67710049423393
0	99999999999999999	1	324	86.05907780979825
1	410	1	482	89.91228070175438
0	99999999999999999	1	294	86.9140625
1	370	1	374	91.94162436548223
1	476	1	496	96.509900990099
1	220	1	335	93.87052341597797
1	540	1	545	96.1487676056338
1	281	1	334	97.00557103064067
1	263	1	423	95.19015659955257
0	99999999999999999	0	99999999999999999	72.72727272727273
0	99999999999999999	0	99999999999999999	85.36
0	99999999999999999	0	99999999999999999	89.37984496124031
0	99999999999999999	0	99999999999999999	81.79271708683473
1	403	1	525	87.37244897959184
1	432	1	436	95.03239740820734
1	214	1	238	94.52830188679245
1	241	1	245	92.66917293233084
1	223	1	325	95.25495750708215
1	560	1	632	96.42857142857143
1	185	1	198	86.78097345132744
0	99999999999999999	0	99999999999999999	77.73752012882447
0	99999999999999999	0	99999999999999999	83.08943089430893
1	179	1	248	89.92673992673993
0	99999999999999999	1	466	93.9663951120163
1	183	1	199	91.80232558139534
1	224	1	228	93.31632653061226
1	205	1	219	92.12962962962963
1	388	1	412	90.89861751152074
1	110	1	271	93.32770270270271
0	99999999999999999	1	784	97.66975308641976
1	664	1	754	98.5408560311284
0	99999999999999999	0	99999999999999999	78.97637795275591
0	99999999999999999	0	99999999999999999	81.61644951140065
0	99999999999999999	0	99999999999999999	81.3888888888889
0	99999999999999999	1	407	87.5
0	99999999999999999	1	360	84.76027397260273
1	472	1	489	89.85436893203884
1	272	1	295	89.95098039215685
1	605	1	657	95.15007320644219
1	265	1	278	92.03795379537955
0	99999999999999999	1	1919	99.12461380020598
1	188	1	202	88.48684210526318
0	99999999999999999	0	99999999999999999	79.49346405228758
0	99999999999999999	0	99999999999999999	81.56877897990726
0	99999999999999999	1	480	80.74245939675174
1	505	0	99999999999999999	89.02439024390243
1	431	1	616	93.6328125
0	99999999999999999	1	123	79.39655172413794
0	99999999999999999	1	420	95.60526315789474
1	196	1	208	85.9375
1	138	1	142	92.57575757575756
0	99999999999999999	1	189	91.9392523364486
0	99999999999999999	1	270	93.24324324324323
0	99999999999999999	0	99999999999999999	72.69108280254777
0	99999999999999999	0	99999999999999999	74.23387096774194
0	99999999999999999	0	99999999999999999	77.20472440944881
1	421	1	435	88.04347826086956
1	413	1	427	89.72527472527472
0	99999999999999999	1	238	94.99045801526717
0	99999999999999999	1	184	92.41504854368932
0	99999999999999999	1	194	92.1875
1	152	1	294	94.98432601880877
1	139	1	143	88.41463414634147
1	215	1	219	94.2110655737705
0	99999999999999999	0	99999999999999999	80.61538461538463
0	99999999999999999	0	99999999999999999	83.71506211180125
0	99999999999999999	1	480	80.01847290640394
0	99999999999999999	0	99999999999999999	80.73959938366718
0	99999999999999999	1	260	88.89860139860141
1	242	1	343	94.26229508196721
1	482	1	643	92.2272047832586
1	136	1	140	90.30303030303031
0	99999999999999999	1	249	81.55737704918033
1	407	1	428	97.21916299559471
1	1549	1	1553	98.98734177215191
0	99999999999999999	0	99999999999999999	70.52715654952077
0	99999999999999999	1	360	81.15671641791045
0	99999999999999999	0	99999999999999999	81.3082298136646
0	99999999999999999	1	360	83.02631578947368
0	99999999999999999	0	99999999999999999	84.74292101341283
0	99999999999999999	1	128	92.72875816993464
1	144	1	370	95.44303797468353
1	214	1	241	93.19029850746269
1	131	1	145	88.33333333333333
1	269	1	314	93.93491124260355
0	99999999999999999	1	278	92.82178217821782
0	99999999999999999	0	99999999999999999	69.87603305785125
1	411	0	99999999999999999	88.33459787556903
0	99999999999999999	1	360	85.75085324232082
0	99999999999999999	0	99999999999999999	79.99219968798752
0	99999999999999999	1	316	95.20089285714286
0	99999999999999999	1	409	90.95982142857142
1	551	0	99999999999999999	91.96428571428572
1	225	1	503	94.93879472693033
1	402	1	423	95.99109131403118
0	99999999999999999	1	179	94.84924623115577
1	406	1	505	98.02380952380952
0	99999999999999999	0	99999999999999999	75.77881619937695
0	99999999999999999	0	99999999999999999	77.22523219814242
0	99999999999999999	0	99999999999999999	77.46815286624204
1	355	1	359	93.65131578947368
1	523	1	552	88.25503355704699
1	389	1	393	92.94117647058825
1	189	1	296	91.35802469135803
1	180	1	199	94.00452488687783
1	128	1	182	91.10576923076923
1	140	1	144	92.71472392638037
1	289	1	360	91.64133738601824
0	99999999999999999	0	99999999999999999	75.31695721077654
0	99999999999999999	0	99999999999999999	80.28225806451613
0	99999999999999999	0	99999999999999999	82.72797527047913
1	545	1	622	90.8267716535433
0	99999999999999999	1	303	92.70833333333333
1	268	1	295	95.35714285714285
0	99999999999999999	1	369	91.70886075949366
1	202	1	231	93.29150579150578
1	270	1	274	93.70833333333333
1	140	1	144	91.31736526946106
1	415	1	496	96.41826923076923
0	99999999999999999	0	99999999999999999	73.65079365079364
0	99999999999999999	0	99999999999999999	76.59274193548387
0	99999999999999999	0	99999999999999999	81.96373456790124
1	330	1	334	93.47067039106145
1	404	1	465	90.7433712121212
1	426	1	661	95.18248175182481
1	567	1	632	92.33687405159333
1	375	1	552	95.3913043478261
1	388	1	392	89.30288461538461
1	342	1	443	96.73447537473234
1	263	1	296	95.10869565217392
0	99999999999999999	0	99999999999999999	70.64
1	256	1	260	90.67028985507247
0	99999999999999999	1	674	88.91273247496423
1	248	1	262	84.06549520766772
1	193	1	197	91.837899543379
0	99999999999999999	1	188	88.78504672897195
1	471	1	546	93.50792253521126
1	308	1	338	94.61805555555556
0	99999999999999999	1	250	93.11594202898551
1	546	1	560	98.23580034423408
1	147	1	151	89.57142857142857
0	99999999999999999	0	99999999999999999	66.71974522292993
0	99999999999999999	0	99999999999999999	79.10569105691059
0	99999999999999999	1	360	81.66666666666667
1	162	1	187	88.98104265402841
1	350	1	420	87.66534391534391
1	423	1	427	93.47345132743362
1	396	1	410	87.88461538461539
1	570	1	642	94.30970149253731
1	126	1	254	94.81818181818183
1	319	1	341	91.76829268292681
1	243	1	335	95.9620786516854
0	99999999999999999	0	99999999999999999	83.77403846153845
0	99999999999999999	0	99999999999999999	80.64635958395246
0	99999999999999999	0	99999999999999999	82.65384615384615
0	99999999999999999	0	99999999999999999	86.37820512820514
0	99999999999999999	1	379	91.24381188118812
1	240	1	244	91.1985018726592
1	248	1	252	81.18644067796609
1	117	1	190	92.47630331753554
1	628	1	637	95.83963691376702
1	215	1	244	94.05204460966543
0	99999999999999999	1	124	87.75
0	99999999999999999	0	99999999999999999	85.78125
0	99999999999999999	0	99999999999999999	80.53405572755418
0	99999999999999999	1	480	84.87179487179486
0	99999999999999999	1	710	89.02853260869566
0	99999999999999999	0	99999999999999999	89.96268656716417
1	237	1	360	92.3136645962733
1	320	1	325	89.75
1	399	1	403	93.75
1	343	1	347	95.35040431266846
1	211	1	215	92.29166666666664
1	142	1	146	93.11377245508983
0	99999999999999999	0	99999999999999999	73.49837662337661
0	99999999999999999	1	497	93.7015503875969
0	99999999999999999	0	99999999999999999	89.32629870129871
0	99999999999999999	1	360	81.35382059800665
1	400	1	482	89.13043478260869
1	183	1	196	86.76470588235294
1	228	1	415	93.67848970251717
1	317	1	345	93.98648648648648
1	137	1	244	95.7865168539326
0	99999999999999999	1	203	88.59649122807016
1	399	1	432	95.84245076586433
0	99999999999999999	0	99999999999999999	77.05930807248765
0	99999999999999999	0	99999999999999999	80.04493464052288
0	99999999999999999	0	99999999999999999	86.39332365747461
1	296	1	298	80.79019073569482
0	99999999999999999	1	182	91.66666666666667
0	99999999999999999	1	391	88.67614879649891
1	189	1	216	89.70286885245902
0	99999999999999999	1	360	93.3550185873606
1	244	1	291	96.72523961661341
1	395	1	428	96.5
1	134	1	138	90.35493827160494
0	99999999999999999	0	99999999999999999	89.67569786535304
0	99999999999999999	0	99999999999999999	73.7034035656402
0	99999999999999999	0	99999999999999999	90.4128086419753
0	99999999999999999	1	182	91.80622009569377
1	450	1	523	89.8366606170599
0	99999999999999999	1	360	90.61461794019932
1	362	1	360	93.35774058577407
1	206	1	210	94.81981981981983
1	512	1	540	97.28647686832741
1	111	1	209	94.09282700421942
1	211	1	215	94.67391304347825
0	99999999999999999	0	99999999999999999	77.09009740259741
0	99999999999999999	0	99999999999999999	73.30173775671406
0	99999999999999999	0	99999999999999999	84.76624405705229
0	99999999999999999	0	99999999999999999	82.18005952380952
0	99999999999999999	1	360	79.83870967741935
1	196	1	236	92.816091954023
0	99999999999999999	1	360	84.66796875
0	99999999999999999	1	300	94.34250764525994
1	203	1	227	91.66666666666667
1	309	1	379	96.07054455445544
1	146	1	150	88.35714285714285
0	99999999999999999	0	99999999999999999	81.48373983739837
0	99999999999999999	0	99999999999999999	81.13132911392405
1	187	1	200	84.42982456140352
0	99999999999999999	0	99999999999999999	88.02790346907993
1	196	1	200	93.89140271493213
1	420	1	445	93.14775160599572
1	118	1	208	94.56521739130434
1	255	1	259	92.6829268292683
1	159	1	289	92.97619047619048
1	279	1	302	95.59049079754601
1	184	1	209	91.61324786324786
0	99999999999999999	0	99999999999999999	76.93256578947368
1	414	1	600	81.29629629629629
0	99999999999999999	0	99999999999999999	76.6891891891892
0	99999999999999999	1	360	88.125
1	455	1	468	93.50515463917526
1	232	1	322	95.94202898550724
1	596	1	634	95.78267477203647
1	212	1	227	94.12955465587045
0	99999999999999999	1	124	90.45138888888889
1	287	1	322	95.52023121387283
1	380	1	1173	98.32495812395308
0	99999999999999999	0	99999999999999999	81.44
0	99999999999999999	0	99999999999999999	78.45496894409939
1	430	1	555	91.78321678321677
0	99999999999999999	1	602	88.27380952380953
0	99999999999999999	1	360	87.27189781021899
1	367	1	406	86.94385593220339
1	298	1	340	89.66346153846155
1	463	1	488	93.17961165048544
1	571	1	575	97.2408026755853
1	134	1	149	92.97337278106508
1	197	1	224	96.58163265306122
0	99999999999999999	1	360	70.7095709570957
0	99999999999999999	1	360	83.37765957446808
0	99999999999999999	1	480	86.86548223350253
1	420	0	99999999999999999	88.76451077943615
0	99999999999999999	1	669	88.5694249649369
1	298	1	302	92.09104938271605
1	360	1	373	90.73275862068965
1	323	1	327	94.84240687679082
1	480	1	761	98.50770218228499
0	99999999999999999	1	141	94.58841463414635
1	335	1	349	94.13746630727762
0	99999999999999999	0	99999999999999999	76.07438016528926
0	99999999999999999	0	99999999999999999	81.30182421227197
1	468	1	487	83.27922077922078
1	179	1	192	88.37616822429906
1	372	1	376	92.36809045226131
0	99999999999999999	0	99999999999999999	89.5948753462604
1	315	1	319	94.6064139941691
1	290	1	306	94.46969696969697
1	231	1	268	89.53389830508475
1	288	1	319	93.04755043227665
1	286	1	300	95.95238095238095
0	99999999999999999	0	99999999999999999	80.30478395061728
0	99999999999999999	0	99999999999999999	72.8243670886076
0	99999999999999999	0	99999999999999999	84.00763358778624
1	279	1	330	90.56338028169014
1	321	1	325	93.05949008498584
1	248	1	360	90.47805642633229
1	150	1	154	90.27777777777777
1	181	1	204	94.1079295154185
1	244	1	312	96.42857142857143
1	2006	1	2010	99.0669797330697
1	256	1	260	95.37852112676056
0	99999999999999999	0	99999999999999999	72.8048780487805
0	99999999999999999	0	99999999999999999	83.16793893129771
0	99999999999999999	0	99999999999999999	88.62055641421948
1	415	0	99999999999999999	93.33206686930092
1	103	1	133	92.00949367088607
1	341	1	358	95.85526315789474
1	195	1	224	91.71686746987952
1	396	1	478	94.68562874251496
1	297	1	329	92.21830985915494
1	580	1	584	96.26436781609195
1	840	1	863	97.76182432432432
0	99999999999999999	0	99999999999999999	77.83171521035598
1	537	0	99999999999999999	87.23790322580646
1	300	1	420	88.59011627906976
0	99999999999999999	1	480	70.86226851851852
0	99999999999999999	1	430	93.48901098901098
0	99999999999999999	1	360	86.21794871794872
1	210	1	257	93.50877192982456
0	99999999999999999	1	146	71.27906976744187
1	249	1	273	89.70099667774087
1	129	1	747	97.91937581274382
1	790	1	820	98.25892857142857
0	99999999999999999	0	99999999999999999	71.61716171617161
0	99999999999999999	0	99999999999999999	84.32807807807808
1	525	0	99999999999999999	90.22346368715084
1	305	1	309	81.91964285714286
1	417	1	527	94.92328519855594
1	480	1	484	92.86764705882352
1	180	1	184	89.35406698564593
0	99999999999999999	1	131	88.13694267515922
1	264	1	284	87.94934640522875
0	99999999999999999	1	347	94.3
1	606	1	756	98.04487179487178
0	99999999999999999	0	99999999999999999	78.87185534591195
0	99999999999999999	0	99999999999999999	77.78232405891981
0	99999999999999999	0	99999999999999999	79.48042168674698
0	99999999999999999	0	99999999999999999	85.7258064516129
0	99999999999999999	0	99999999999999999	88.55555555555556
1	372	1	435	92.32954545454547
1	174	1	189	88.49765258215962
0	99999999999999999	1	211	88.50635593220338
1	384	1	407	94.50231481481481
1	201	1	205	92.77173913043478
1	225	1	249	94.02573529411764
0	99999999999999999	0	99999999999999999	76.3157894736842
0	99999999999999999	0	99999999999999999	79.81832543443919
1	523	1	527	92.13963963963964
1	547	0	99999999999999999	88.64518633540371
1	308	1	312	88.08997050147494
0	99999999999999999	1	302	86.98899371069182
1	346	1	361	89.55613577023499
1	757	1	761	94.75602027883397
0	99999999999999999	1	232	92.49999999999999
1	133	1	147	94.09509202453987
1	342	1	346	93.73324396782843
0	99999999999999999	0	99999999999999999	64.39144736842105
0	99999999999999999	0	99999999999999999	77.78232405891981
0	99999999999999999	0	99999999999999999	86.87694704049844
0	99999999999999999	1	360	90.1060070671378
1	228	1	232	95.37037037037037
1	193	1	218	91.07142857142857
1	120	1	297	95.2639751552795
1	369	1	373	89.89427860696516
1	731	1	735	96.38157894736842
1	125	1	342	97.0303867403315
1	182	1	244	95.72243346007605
0	99999999999999999	0	99999999999999999	70.16585760517799
0	99999999999999999	0	99999999999999999	77.0096463022508
0	99999999999999999	0	99999999999999999	75.7563694267516
1	347	1	351	89.35309973045821
1	314	1	318	92.55780346820809
1	221	1	333	92.0391061452514
0	99999999999999999	1	256	85.04098360655738
1	356	1	405	87.7155172413793
1	293	1	298	95.3173374613003
1	209	1	213	92.12765957446808
1	201	1	206	93.36283185840708
0	99999999999999999	0	99999999999999999	78.55371900826447
0	99999999999999999	0	99999999999999999	76.32669983416251
0	99999999999999999	0	99999999999999999	88.43042071197411
1	118	1	544	93.1578947368421
1	201	1	205	86.74892703862662
1	185	1	198	90.25900900900902
1	728	1	841	95.22016222479724
1	200	1	257	92.83807829181495
1	247	1	375	97.4367088607595
0	99999999999999999	1	129	91.07142857142857
1	1402	1	1446	98.89305177111717
0	99999999999999999	0	99999999999999999	77.0096463022508
0	99999999999999999	0	99999999999999999	73.21724709784411
0	99999999999999999	0	99999999999999999	84.61538461538463
0	99999999999999999	1	486	81.86653771760155
1	553	0	99999999999999999	90.38602941176471
0	99999999999999999	1	360	80.63973063973063
1	310	1	360	93.17846607669617
1	197	1	201	94.13716814159291
1	415	1	419	94.82954545454547
1	470	1	474	96.675
1	120	1	138	89.11042944785278
0	99999999999999999	0	99999999999999999	85.00399361022363
0	99999999999999999	0	99999999999999999	75.50080128205127
0	99999999999999999	0	99999999999999999	78.23712948517941
1	301	1	305	86.33633633633633
0	99999999999999999	1	424	94.26733780760625
0	99999999999999999	1	371	87.76849642004774
1	187	1	191	89.57373271889401
0	99999999999999999	1	203	91.2556053811659
1	230	1	391	95.11529126213591
1	232	1	236	93.41856060606061
1	376	1	517	97.43119266055047
0	99999999999999999	0	99999999999999999	66.30351681957187
0	99999999999999999	0	99999999999999999	82.95454545454547
1	381	1	385	87.80562347188263
0	99999999999999999	0	99999999999999999	81.68557536466774
1	313	1	317	82.48056994818653
1	424	1	565	95.40034071550255
0	99999999999999999	1	362	85.8132530120482
1	300	1	323	94.58689458689459
1	410	1	454	96.21369294605809
1	134	1	138	93.02147239263805
1	495	1	533	96.99909747292418
0	99999999999999999	0	99999999999999999	73.9217252396166
0	99999999999999999	0	99999999999999999	79.78119935170179
0	99999999999999999	0	99999999999999999	85.16746411483254
1	408	1	541	95.79665492957747
1	417	1	433	88.93709327548805
1	398	1	475	95.2191235059761
1	420	1	576	94.49750830564784
0	99999999999999999	1	247	92.34317343173431
1	400	1	760	96.17834394904459
1	125	1	133	90.36624203821655
1	557	1	561	97.43150684931506
0	99999999999999999	0	99999999999999999	78.55371900826447
0	99999999999999999	0	99999999999999999	83.49206349206348
0	99999999999999999	0	99999999999999999	89.67651757188499
0	99999999999999999	1	360	84.90143369175628
1	670	1	683	95.0070323488045
0	99999999999999999	1	194	91.875
1	307	1	311	89.26553672316383
1	194	1	247	91.97080291970804
1	137	1	141	92.53048780487805
1	1665	1	1687	99.10087719298245
0	99999999999999999	1	275	94.08333333333333
0	99999999999999999	0	99999999999999999	72.16369529983791
0	99999999999999999	0	99999999999999999	79.51589595375722
1	430	1	708	93.18647540983608
0	99999999999999999	0	99999999999999999	90.8110119047619
1	407	1	573	91.90317195325542
1	243	1	247	93.63468634686346
0	99999999999999999	1	364	90.77763496143959
0	99999999999999999	1	360	87.67361111111111
1	154	1	158	89.21703296703296
0	99999999999999999	1	220	93.87755102040816
1	202	1	215	93.30543933054393
0	99999999999999999	0	99999999999999999	79.17345276872963
0	99999999999999999	1	360	65.75907590759076
0	99999999999999999	1	360	74.91830065359477
0	99999999999999999	0	99999999999999999	85.59451219512195
1	245	1	249	86.32246376811594
1	199	1	222	90.08097165991903
0	99999999999999999	1	308	93.8622754491018
1	415	1	451	94.63912133891213
1	284	1	288	93.11708860759495
0	99999999999999999	1	931	98.21989528795811
1	265	1	269	92.56756756756758
0	99999999999999999	0	99999999999999999	77.35225505443235
0	99999999999999999	0	99999999999999999	81.03582554517133
0	99999999999999999	0	99999999999999999	83.94777265745006
0	99999999999999999	0	99999999999999999	86.73547400611622
1	336	1	369	94.8473282442748
1	237	1	291	88.5971786833856
0	99999999999999999	1	304	84.6762048192771
0	99999999999999999	1	366	91.4203084832905
1	439	1	443	95.92217484008528
1	266	1	270	93.45034246575342
1	131	1	135	89.77987421383648
0	99999999999999999	0	99999999999999999	70.56910569105692
0	99999999999999999	0	99999999999999999	87.12462462462462
0	99999999999999999	0	99999999999999999	89.32496075353217
0	99999999999999999	1	590	91.6115702479339
1	241	1	245	85.18518518518518
0	99999999999999999	1	360	89.13590604026847
1	428	1	435	94.281045751634
1	105	1	396	96.1104513064133
1	460	1	476	96.02385685884694
1	107	1	283	95.17684887459808
0	99999999999999999	1	293	89.25718849840254
0	99999999999999999	0	99999999999999999	79.40717628705147
0	99999999999999999	1	480	84.93020304568529
0	99999999999999999	0	99999999999999999	82.55287009063444
0	99999999999999999	0	99999999999999999	87.74590163934425
1	147	1	501	96.7155009451796
1	305	1	320	86.07047872340426
1	215	1	245	83.22033898305085
1	238	1	279	94.05737704918032
1	191	1	195	93.36854460093898
1	1105	1	1109	98.83643617021276
0	99999999999999999	1	192	95.6221198156682
0	99999999999999999	0	99999999999999999	75.68770226537215
0	99999999999999999	0	99999999999999999	80.1771653543307
0	99999999999999999	0	99999999999999999	89.39696485623001
0	99999999999999999	0	99999999999999999	83.56762917933132
1	323	0	99999999999999999	92.33678343949046
1	337	1	474	88.19311663479922
1	180	1	184	90.41262135922331
0	99999999999999999	1	260	91.9894366197183
1	185	1	189	89.90610328638498
0	99999999999999999	1	202	88.92543859649123
0	99999999999999999	1	341	95.6849315068493
0	99999999999999999	0	99999999999999999	86.28775834658187
0	99999999999999999	0	99999999999999999	79.96382636655949
0	99999999999999999	1	660	83.19777397260275
0	99999999999999999	0	99999999999999999	84.94039270687236
0	99999999999999999	0	99999999999999999	85.5877616747182
1	173	1	250	92.10766423357666
1	134	1	310	94.56360946745562
1	549	1	553	93.78227194492254
1	289	1	325	92.55014326647564
1	608	1	648	96.5925925925926
1	184	1	188	91.19047619047619
0	99999999999999999	0	99999999999999999	81.54471544715449
0	99999999999999999	0	99999999999999999	84.4059405940594
0	99999999999999999	0	99999999999999999	78.18979266347687
0	99999999999999999	1	665	88.09956395348837
0	99999999999999999	0	99999999999999999	93.46038863976084
1	414	1	513	93.96950092421442
1	390	1	407	85.81578947368422
1	518	1	546	94.87740805604203
0	99999999999999999	1	366	93.64197530864199
1	300	1	304	94.84848484848484
1	299	1	322	94.52449567723343
0	99999999999999999	0	99999999999999999	82.41559485530547
0	99999999999999999	0	99999999999999999	69.44
0	99999999999999999	1	360	85.95505617977528
1	296	1	354	94.9396782841823
1	299	1	312	91.76646706586826
1	242	1	404	95.4861111111111
1	132	1	289	95.4073482428115
0	99999999999999999	1	126	89.66666666666666
1	275	1	279	95.14802631578948
1	396	1	400	96.4622641509434
1	287	1	291	95.55288461538461
0	99999999999999999	0	99999999999999999	84.20943708609272
0	99999999999999999	0	99999999999999999	78.13971742543171
0	99999999999999999	1	360	86.95286195286194
0	99999999999999999	1	660	82.51661129568106
1	324	1	369	90.70048309178745
0	99999999999999999	1	480	85.61728395061729
1	201	1	228	90.52734375
0	99999999999999999	1	394	86.17021276595744
0	99999999999999999	1	239	90.15151515151514
0	99999999999999999	1	234	95.68627450980392
1	142	1	213	91.61458333333334
0	99999999999999999	0	99999999999999999	72.35537190082644
0	99999999999999999	1	600	79.48895027624309
1	508	1	600	83.67805755395685
0	99999999999999999	1	360	83.43023255813954
1	542	1	608	94.42307692307693
0	99999999999999999	1	272	90.5084745762712
1	337	1	380	96.58227848101266
1	129	1	133	76.89790575916231
0	99999999999999999	1	129	84.15605095541402
1	429	1	479	96.49602385685886
1	1134	1	1163	98.29881656804734
0	99999999999999999	0	99999999999999999	71.97346600331676
0	99999999999999999	0	99999999999999999	77.42946708463951
1	428	1	507	93.19470699432894
0	99999999999999999	1	368	92.16791979949873
0	99999999999999999	1	360	84.76562499999999
1	435	1	492	95.17374517374516
1	150	1	154	89.02777777777777
1	452	1	483	97.37623762376239
1	145	1	241	91.13805970149254
1	154	1	244	93.98148148148147
1	229	1	269	94.93243243243244
0	99999999999999999	0	99999999999999999	78.14029363784665
0	99999999999999999	0	99999999999999999	90.75925925925927
0	99999999999999999	1	545	88.46660808435853
0	99999999999999999	1	617	91.96147798742138
1	118	1	206	91.55982905982907
0	99999999999999999	1	478	93.82440476190476
1	246	1	345	89.74025974025973
0	99999999999999999	1	193	87.8393665158371
1	132	1	339	95.25273224043715
0	99999999999999999	1	208	88.51495726495727
1	581	1	643	98.03811659192824
0	99999999999999999	0	99999999999999999	81.7556634304207
1	421	1	600	93.21493624772313
0	99999999999999999	0	99999999999999999	82.37275449101797
1	214	1	218	89.6784232365145
1	484	1	488	91.09589041095892
1	120	1	124	86.83333333333334
1	120	1	133	92.72151898734178
1	337	1	351	95.24601063829788
1	675	1	730	97.99668874172185
1	813	1	827	98.7969483568075
0	99999999999999999	0	99999999999999999	70.9983498349835
1	198	0	99999999999999999	75.67140600315956
0	99999999999999999	0	99999999999999999	84.67261904761905
0	99999999999999999	0	99999999999999999	89.72734254992318
1	379	1	383	89.35406698564593
1	193	1	287	93.60749185667753
1	250	1	275	94.43521594684385
1	179	1	194	93.77880184331798
1	272	1	276	92.53300330033004
1	472	1	492	97.73832684824903
1	497	1	622	97.19230769230768
0	99999999999999999	0	99999999999999999	80.45602605863193
0	99999999999999999	0	99999999999999999	83.16749585406302
0	99999999999999999	0	99999999999999999	76.63622526636225
0	99999999999999999	0	99999999999999999	86.81747269890796
1	529	1	559	89.49511400651465
1	464	1	526	93.09502664298402
1	230	1	631	95.98009188361408
1	299	1	452	95.17819706498953
1	177	1	224	93.65079365079366
1	270	1	361	95.09043927648578
1	592	1	596	98.29918032786887
0	99999999999999999	0	99999999999999999	74.02647975077882
0	99999999999999999	1	360	85.95505617977527
0	99999999999999999	0	99999999999999999	84.63581183611531
1	565	1	592	89.1233766233766
0	99999999999999999	0	99999999999999999	83.4963768115942
0	99999999999999999	1	376	91.95979899497488
1	173	1	190	92.55813953488372
1	262	1	266	90.87719298245614
1	596	1	754	98.0448717948718
1	125	1	129	84.00974025974027
1	404	1	408	96.41203703703704
0	99999999999999999	0	99999999999999999	71.49917627677101
0	99999999999999999	0	99999999999999999	84.65266558966073
0	99999999999999999	1	480	83.01630434782608
0	99999999999999999	0	99999999999999999	79.20032310177706
1	421	1	491	83.80314232902033
1	120	1	195	93.72171945701356
1	337	1	366	88.36096938775509
1	220	1	224	91.36546184738957
1	345	1	359	98.17073170731706
0	99999999999999999	1	124	86.99324324324324
1	318	1	332	95.99719101123596
0	99999999999999999	0	99999999999999999	73.21724709784411
0	99999999999999999	0	99999999999999999	77.7734375
0	99999999999999999	0	99999999999999999	86.089001447178
0	99999999999999999	1	662	90.00711237553341
0	99999999999999999	1	360	83.92241379310343
1	145	1	149	84.64285714285715
1	304	1	318	91.74041297935104
0	99999999999999999	1	339	93.14404432132964
1	284	1	360	89.02077151335311
0	99999999999999999	1	458	95.46161825726142
1	213	1	309	95.5948795180723
0	99999999999999999	0	99999999999999999	71.58360128617365
1	662	1	675	86.44125683060109
1	423	1	494	91.55206286836935
1	545	1	549	85.5685763888889
1	233	1	242	91.6044776119403
0	99999999999999999	1	360	92.85714285714286
1	184	1	188	90.52325581395348
1	117	1	205	95.0109649122807
1	221	1	225	91.11445783132531
1	260	1	264	92.77681660899654
1	442	1	518	95.91884328358209
0	99999999999999999	0	99999999999999999	69.48590381426202
0	99999999999999999	0	99999999999999999	76.1904761904762
1	429	0	99999999999999999	86.47103658536585
1	415	1	431	90.31456953642385
0	99999999999999999	1	183	93.75000000000001
1	179	1	183	90.6547619047619
1	216	1	247	93.9797794117647
1	126	1	383	97.4624060150376
1	309	1	340	95.38043478260872
1	355	1	359	95.19736842105262
1	255	1	259	91.76936619718312
0	99999999999999999	0	99999999999999999	78.03776683087028
1	407	0	99999999999999999	90.27331189710611
0	99999999999999999	0	99999999999999999	91.23586429725361
0	99999999999999999	0	99999999999999999	87.71551724137932
1	260	1	294	90.102523659306
1	494	1	631	87.80581039755351
1	487	1	517	88.53211009174312
1	409	1	413	92.72260273972601
1	455	1	644	96.82299546142208
0	99999999999999999	1	274	84.8396501457726
0	99999999999999999	1	204	92.88793103448276
0	99999999999999999	0	99999999999999999	71.6988727858293
0	99999999999999999	0	99999999999999999	77.27272727272727
0	99999999999999999	0	99999999999999999	82.84615384615384
0	99999999999999999	0	99999999999999999	87.20190779014308
1	524	0	99999999999999999	86.13805970149255
1	440	1	444	90.14830508474576
1	228	1	236	93.22916666666667
1	164	1	168	93.19371727748691
1	265	1	278	93.81147540983605
1	259	1	344	95.85597826086956
1	181	1	185	94.86040609137056
