0	99999999999999999	0	99999999999999999	71.88013136288998
1	303	1	307	92.5314465408805
1	500	1	529	86.14273204903678
0	99999999999999999	0	99999999999999999	81.54471544715447
0	99999999999999999	1	420	89.916918429003
0	99999999999999999	1	360	91.65348101265822
0	99999999999999999	1	521	88.9030612244898
1	230	1	261	94.93838028169014
0	99999999999999999	1	360	96.40522875816994
1	226	1	230	81.77609427609428
1	174	1	239	91.52621722846442
0	99999999999999999	0	99999999999999999	75.13420245398773
0	99999999999999999	1	480	82.73809523809524
0	99999999999999999	0	99999999999999999	84.12052117263843
0	99999999999999999	1	360	74.79372937293729
1	304	1	312	91.44542772861355
1	273	1	360	92.22301136363636
0	99999999999999999	1	360	93.51114649681527
1	452	1	456	94.41268191268193
1	258	1	360	93.09764309764309
0	99999999999999999	1	397	95.04773269689738
0	99999999999999999	1	320	94.69476744186046
0	99999999999999999	0	99999999999999999	80.41195476575122
1	568	1	572	79.08333333333334
0	99999999999999999	0	99999999999999999	83.30924855491328
0	99999999999999999	1	384	92.87037037037037
1	309	1	316	96.33875739644971
1	340	1	420	92.4715909090909
0	99999999999999999	1	380	92.77777777777777
0	99999999999999999	1	360	85.6023102310231
0	99999999999999999	1	224	92.55
1	235	1	360	92.89867109634551
1	499	1	480	99.50842696629213
0	99999999999999999	0	99999999999999999	72.66819571865443
0	99999999999999999	1	258	92.77777777777779
1	215	1	219	87.60204081632654
0	99999999999999999	1	360	85.3688524590164
0	99999999999999999	1	303	90.53627760252365
0	99999999999999999	1	131	79.57848837209302
0	99999999999999999	1	167	88.79533678756476
0	99999999999999999	1	256	84.2293906810036
0	99999999999999999	1	534	91.1789297658863
0	99999999999999999	1	360	99.19340774328568
1	321	1	360	97.48134328358208
0	99999999999999999	0	99999999999999999	79.53047775947282
0	99999999999999999	0	99999999999999999	79.32847896440128
0	99999999999999999	0	99999999999999999	87.21264367816092
0	99999999999999999	0	99999999999999999	85.0953895071542
0	99999999999999999	1	255	81.71875
0	99999999999999999	1	329	89.4281914893617
1	295	1	302	95.75688073394495
0	99999999999999999	1	201	82.07831325301204
0	99999999999999999	1	360	97.46037463976946
0	99999999999999999	1	892	98.13656147986941
0	99999999999999999	1	360	99.41920054663477
0	99999999999999999	0	99999999999999999	80.11182108626198
0	99999999999999999	0	99999999999999999	77.90346907993967
0	99999999999999999	0	99999999999999999	81.6015625
0	99999999999999999	1	322	87.66801075268818
0	99999999999999999	1	137	75.52631578947368
0	99999999999999999	1	450	91.71907756813417
0	99999999999999999	1	140	87.95454545454545
0	99999999999999999	1	133	91.27358490566039
0	99999999999999999	1	124	78.01724137931036
1	631	1	635	98.27981651376147
1	1892	1	3463	99.5414158784752
0	99999999999999999	0	99999999999999999	78.9452495974235
1	185	1	208	89.66450216450217
1	380	1	384	78.62407862407862
0	99999999999999999	0	99999999999999999	83.65072933549432
1	560	1	600	88.81987577639751
1	196	1	360	95.72649572649573
1	229	1	233	88.07471264367817
0	99999999999999999	1	360	95.34817351598173
0	99999999999999999	1	183	82.16824644549763
1	235	1	239	94.12593984962406
0	99999999999999999	1	420	99.14409330323551
0	99999999999999999	0	99999999999999999	74.5703125
0	99999999999999999	0	99999999999999999	87.85123966942147
1	507	1	511	93.63339552238806
0	99999999999999999	0	99999999999999999	89.69194312796209
1	603	1	607	85.3702229299363
0	99999999999999999	1	415	94.30272108843536
1	224	1	228	89.61466165413535
1	200	1	227	86.35531135531134
0	99999999999999999	1	468	96.85598377281949
0	99999999999999999	1	155	90.22988505747126
0	99999999999999999	1	360	98.91254578754578
0	99999999999999999	0	99999999999999999	80.20516717325228
0	99999999999999999	0	99999999999999999	79.92549668874172
0	99999999999999999	0	99999999999999999	78.55371900826447
1	363	1	367	83.81485849056604
0	99999999999999999	1	430	85.8707264957265
1	222	1	226	92.52988047808765
0	99999999999999999	1	420	96.0565476190476
1	243	1	247	94.36090225563909
0	99999999999999999	1	360	98.78682842287694
0	99999999999999999	1	360	97.51517450682854
1	3614	1	4581	99.63642283481659
0	99999999999999999	0	99999999999999999	85.97383720930233
0	99999999999999999	0	99999999999999999	76.74880763116057
0	99999999999999999	0	99999999999999999	79.45151033386328
0	99999999999999999	1	342	87.62820512820514
1	148	1	152	85.01243781094527
0	99999999999999999	1	420	87.9068047337278
0	99999999999999999	1	299	93.359375
1	200	1	219	85.00922509225093
0	99999999999999999	1	360	90.60077519379844
0	99999999999999999	1	360	97.63513513513514
1	716	1	420	98.69773210489015
0	99999999999999999	0	99999999999999999	75.45454545454547
0	99999999999999999	1	360	76.51143790849673
1	232	1	238	90.14522821576762
0	99999999999999999	1	498	85.51356589147287
0	99999999999999999	1	425	91.25000000000001
0	99999999999999999	1	321	89.6399456521739
0	99999999999999999	1	660	92.32772435897436
1	277	1	360	91.97819314641742
0	99999999999999999	1	360	96.62102473498234
0	99999999999999999	1	360	98.33690987124464
1	1531	1	2201	99.56565884476535
0	99999999999999999	0	99999999999999999	68.34935897435898
0	99999999999999999	1	480	78.97869674185463
0	99999999999999999	0	99999999999999999	82.4609375
0	99999999999999999	1	266	91.37931034482757
1	536	1	600	92.7526595744681
1	182	1	186	90.5940594059406
1	185	1	189	87.39224137931035
1	231	1	250	87.6655629139073
1	174	1	178	84.59429824561404
1	269	1	1300	98.7292921686747
1	344	1	348	95.75342465753425
0	99999999999999999	0	99999999999999999	80.1062091503268
0	99999999999999999	0	99999999999999999	88.60708534621578
1	118	0	99999999999999999	84.99222395023328
0	99999999999999999	1	199	90.45758928571428
1	205	1	230	90.89999999999999
1	269	1	336	95.49861495844875
1	159	1	164	76.6304347826087
1	163	1	188	92.99065420560748
0	99999999999999999	1	360	97.7043673012318
1	369	1	373	94.23316708229427
0	99999999999999999	1	360	99.6975337366217
0	99999999999999999	0	99999999999999999	77.36042692939245
0	99999999999999999	0	99999999999999999	71.76229508196722
0	99999999999999999	0	99999999999999999	76.84169278996866
1	203	1	207	83.93595041322314
0	99999999999999999	1	368	93.1615776081425
1	313	1	317	85.38575667655788
1	206	1	221	84.97292418772562
1	193	1	197	90.71428571428572
0	99999999999999999	1	420	97.44640605296343
0	99999999999999999	1	267	93.40753424657535
0	99999999999999999	1	166	85.6875
0	99999999999999999	0	99999999999999999	79.0725806451613
0	99999999999999999	0	99999999999999999	80.71895424836602
1	423	1	472	84.68045112781954
0	99999999999999999	0	99999999999999999	89.73909657320873
0	99999999999999999	1	324	89.04454022988506
1	162	1	166	84.30094786729858
0	99999999999999999	1	420	90.40041067761808
1	191	1	312	93.75000000000001
1	416	1	420	96.93995381062355
1	1020	1	1314	98.49925428784489
0	99999999999999999	1	360	96.20433789954338
0	99999999999999999	0	99999999999999999	73.6178861788618
0	99999999999999999	0	99999999999999999	79.96382636655949
0	99999999999999999	1	197	89.1552511415525
0	99999999999999999	1	232	91.45752895752895
0	99999999999999999	1	264	81.38461538461539
1	514	1	518	91.45948434622467
1	585	1	360	93.13008130081303
0	99999999999999999	1	480	86.90176322418135
0	99999999999999999	1	420	96.73410404624278
1	793	1	360	97.4484536082474
1	1583	1	660	99.2919921875
0	99999999999999999	0	99999999999999999	75.08291873963516
0	99999999999999999	1	184	83.75
1	194	1	229	91.63346613545818
0	99999999999999999	1	507	86.42322097378278
0	99999999999999999	1	454	94.96822033898306
0	99999999999999999	0	99999999999999999	90.07518796992481
1	491	1	600	90.03759398496241
0	99999999999999999	1	127	82.6863354037267
1	143	1	147	89.58333333333334
1	455	1	480	96.60891089108911
0	99999999999999999	1	360	98.20127504553733
1	265	1	269	79.98417721518989
0	99999999999999999	0	99999999999999999	87.85123966942149
1	640	1	644	86.70694864048339
0	99999999999999999	1	387	94.73844282238443
0	99999999999999999	1	504	92.22589792060492
0	99999999999999999	1	360	92.59393063583815
0	99999999999999999	1	126	78.66379310344828
1	449	1	453	94.72987288135593
1	458	1	543	98.00531914893618
0	99999999999999999	1	140	87.5
0	99999999999999999	1	311	93.61940298507463
0	99999999999999999	0	99999999999999999	72.05518945634267
0	99999999999999999	0	99999999999999999	87.42163009404388
1	159	1	163	84.375
0	99999999999999999	1	495	87.23300970873787
0	99999999999999999	1	603	94.21850079744816
0	99999999999999999	1	243	79.7427652733119
1	329	1	335	95.69327731092436
1	150	1	154	72.240990990991
0	99999999999999999	1	360	95.18987341772151
1	237	1	241	78.80258899676375
1	815	1	819	98.23775388291517
0	99999999999999999	0	99999999999999999	73.56854838709678
0	99999999999999999	0	99999999999999999	83.91980360065467
0	99999999999999999	1	551	89.8654513888889
0	99999999999999999	0	99999999999999999	88.84765625
0	99999999999999999	1	509	92.02626641651034
1	213	1	217	89.1326530612245
1	222	1	226	93.99606299212599
1	194	1	198	90.34598214285712
0	99999999999999999	1	249	94.25925925925925
1	465	1	660	97.88613303269449
0	99999999999999999	1	360	96.4751958224543
0	99999999999999999	0	99999999999999999	70.7296849087894
0	99999999999999999	0	99999999999999999	78.62426035502958
0	99999999999999999	0	99999999999999999	85.91796875
0	99999999999999999	0	99999999999999999	87.22910216718266
1	399	1	540	87.22664015904571
1	209	1	215	79.83193277310924
1	475	1	600	96.77650429799426
0	99999999999999999	1	138	74.75
1	376	1	360	93.39473684210526
1	143	1	182	88.96028037383178
1	385	1	401	95.27972027972027
0	99999999999999999	0	99999999999999999	81.14886731391584
0	99999999999999999	0	99999999999999999	81.30990415335462
1	625	1	650	83.51769911504425
1	226	1	360	91.72354948805462
0	99999999999999999	1	374	91.34615384615385
1	186	1	210	91.68478260869564
1	478	1	480	92.66409266409266
0	99999999999999999	1	360	93.13063063063063
1	334	1	338	95.99719101123596
1	168	1	172	92.09844559585493
1	1050	1	360	99.12863070539419
0	99999999999999999	0	99999999999999999	79.53047775947282
0	99999999999999999	0	99999999999999999	79.00981996726678
0	99999999999999999	1	378	85.40123456790124
1	219	1	223	92.58130081300813
0	99999999999999999	1	176	90.6887755102041
1	639	1	643	96.06446776611693
0	99999999999999999	1	360	95.2020202020202
0	99999999999999999	1	250	95.01845018450184
0	99999999999999999	1	159	74.66216216216216
1	1161	1	1165	98.03571428571428
1	177	1	227	92.89215686274511
0	99999999999999999	0	99999999999999999	68.96411092985318
0	99999999999999999	0	99999999999999999	77.75974025974025
0	99999999999999999	1	360	85.40909090909092
0	99999999999999999	0	99999999999999999	86.0032362459547
1	311	1	403	90.83333333333334
1	326	1	420	89.75563909774436
0	99999999999999999	1	162	91.10962566844921
0	99999999999999999	1	360	93.17484662576688
1	237	1	360	97.08029197080292
1	300	1	420	96.77002583979328
0	99999999999999999	1	360	99.2183960126869
0	99999999999999999	0	99999999999999999	82.0785597381342
0	99999999999999999	0	99999999999999999	79.45705024311184
0	99999999999999999	0	99999999999999999	84.27220394736841
0	99999999999999999	1	148	81.76020408163265
0	99999999999999999	1	206	93.06167400881058
1	214	1	218	90.97510373443984
1	367	1	371	90.37247474747475
0	99999999999999999	1	342	90.64189189189189
0	99999999999999999	1	772	97.32704402515722
0	99999999999999999	1	244	91.65129151291514
0	99999999999999999	1	360	96.51116427432216
0	99999999999999999	0	99999999999999999	77.27642276422763
0	99999999999999999	0	99999999999999999	78.9463141025641
0	99999999999999999	1	471	93.66370808678502
0	99999999999999999	1	480	84.26616915422886
1	730	1	750	94.18945312500001
0	99999999999999999	1	355	86.71259842519684
0	99999999999999999	1	189	77.9296875
0	99999999999999999	1	420	92.46031746031746
0	99999999999999999	1	360	92.45867768595042
1	481	1	480	98.34229390681003
1	260	1	274	85.83836858006042
0	99999999999999999	0	99999999999999999	68.79032258064517
0	99999999999999999	0	99999999999999999	80.62106918238993
0	99999999999999999	0	99999999999999999	89.35045317220543
0	99999999999999999	1	420	90.00677506775067
1	276	1	280	80.79819277108435
0	99999999999999999	1	142	75.375
1	277	1	360	93.64973262032085
1	217	1	282	93.72977346278317
1	192	1	360	92.81572164948454
1	144	1	626	98.55100463678517
1	180	1	321	96.64017341040463
0	99999999999999999	0	99999999999999999	78.81426202321725
1	353	1	480	77.23747016706444
0	99999999999999999	1	480	81.57276995305165
0	99999999999999999	0	99999999999999999	87.4618320610687
0	99999999999999999	1	540	93.9678899082569
0	99999999999999999	1	360	89.8015873015873
1	165	1	180	81.09110169491525
0	99999999999999999	1	146	78.42639593908628
0	99999999999999999	1	360	97.14656290531777
0	99999999999999999	1	360	95.63492063492063
1	1792	1	1796	97.17828418230563
0	99999999999999999	0	99999999999999999	74.53403565640195
0	99999999999999999	0	99999999999999999	83.78938640132671
0	99999999999999999	1	201	84.08590308370046
0	99999999999999999	0	99999999999999999	80.19841269841271
1	227	1	360	86.19888475836431
1	197	1	201	92.37938596491227
0	99999999999999999	1	259	94.55935251798559
0	99999999999999999	1	155	87.98076923076923
1	197	1	249	92.9029304029304
1	175	1	179	91.66666666666667
1	336	1	345	85.25798525798525
0	99999999999999999	0	99999999999999999	70.2635914332784
0	99999999999999999	0	99999999999999999	86.73930921052633
1	335	1	339	84.5774647887324
1	151	1	182	84.45945945945947
0	99999999999999999	1	142	82.71428571428572
1	210	1	235	91.08527131782945
1	220	1	268	88.48270440251572
1	208	1	212	92.29957805907173
1	304	1	308	84.0093085106383
0	99999999999999999	1	333	94.63276836158192
0	99999999999999999	1	360	99.58575581395347
0	99999999999999999	0	99999999999999999	81.30990415335464
0	99999999999999999	0	99999999999999999	86.1842105263158
0	99999999999999999	0	99999999999999999	82.00312989045382
0	99999999999999999	1	600	86.17941712204006
1	644	1	648	84.87037037037037
1	317	1	321	92.65759312320915
0	99999999999999999	1	368	88.51522842639594
1	360	1	364	95.8656330749354
1	165	1	169	79.25884955752211
1	134	1	143	77.2560975609756
1	1632	1	1636	99.22533092659447
0	99999999999999999	0	99999999999999999	78.6993769470405
0	99999999999999999	1	431	83.87605042016806
0	99999999999999999	0	99999999999999999	83.5515873015873
0	99999999999999999	0	99999999999999999	87.75077160493827
0	99999999999999999	1	360	85.87147887323943
0	99999999999999999	1	360	84.14429530201343
0	99999999999999999	1	259	92.03345070422534
1	165	1	169	77.48940677966101
1	523	1	527	95.62159709618875
0	99999999999999999	1	197	92.32954545454547
0	99999999999999999	1	189	86.55660377358491
0	99999999999999999	0	99999999999999999	71.23344370860927
0	99999999999999999	0	99999999999999999	71.88013136288998
0	99999999999999999	1	195	92.09641255605382
1	236	1	240	89.91477272727272
0	99999999999999999	1	576	93.5625
1	467	1	540	95.43499043977056
0	99999999999999999	1	480	90.2374031007752
0	99999999999999999	1	360	91.98630136986301
0	99999999999999999	1	124	89.66666666666666
1	373	1	377	97.04949238578682
1	584	1	588	97.0684039087948
0	99999999999999999	0	99999999999999999	76.32669983416253
0	99999999999999999	0	99999999999999999	85.06493506493507
0	99999999999999999	0	99999999999999999	83.8181148748159
0	99999999999999999	1	225	92.18106995884774
0	99999999999999999	1	335	93.73259052924791
0	99999999999999999	1	133	87.5
1	201	1	215	90.44117647058823
1	202	1	308	92.24397590361446
0	99999999999999999	1	164	81.63716814159292
1	166	1	170	90.53217821782178
1	223	1	227	94.45564516129032
0	99999999999999999	0	99999999999999999	70.18760195758564
0	99999999999999999	0	99999999999999999	84.19540229885057
0	99999999999999999	0	99999999999999999	84.78964401294499
0	99999999999999999	1	124	76.95086705202311
1	349	1	353	92.30263157894736
1	191	1	195	91.21621621621622
0	99999999999999999	1	302	88.37386018237082
1	333	1	337	92.97945205479452
0	99999999999999999	1	306	89.00602409638554
0	99999999999999999	1	360	95.95070422535211
0	99999999999999999	1	360	99.5435393258427
0	99999999999999999	0	99999999999999999	64.91735537190081
1	445	1	449	83.10234541577825
1	312	1	316	90.16812865497077
0	99999999999999999	1	306	78.98793565683647
1	478	1	485	89.43533697632058
0	99999999999999999	1	360	93.37392550143267
1	413	1	360	96.51898734177213
1	279	1	360	94.61206896551724
0	99999999999999999	1	370	98.06937172774869
0	99999999999999999	1	124	74.05405405405406
0	99999999999999999	1	360	99.09567275185937
0	99999999999999999	0	99999999999999999	71.76229508196721
0	99999999999999999	0	99999999999999999	84.5503300330033
0	99999999999999999	0	99999999999999999	82.3457792207792
1	332	1	364	94.63824289405684
0	99999999999999999	1	360	80.77485380116958
0	99999999999999999	1	245	78.43137254901961
1	662	1	660	94.8951048951049
0	99999999999999999	1	460	86.1082474226804
1	184	1	261	94.97330960854094
1	385	1	360	95.41666666666667
0	99999999999999999	1	360	95.15977443609023
0	99999999999999999	0	99999999999999999	81.67189952904238
1	501	1	505	89.10133843212238
0	99999999999999999	0	99999999999999999	82.09677419354838
1	194	1	251	92.3913043478261
0	99999999999999999	1	212	86.55462184873952
1	248	1	252	92.70446096654275
0	99999999999999999	1	234	90.84302325581396
0	99999999999999999	1	420	94.45364238410596
1	508	1	480	98.25731497418245
1	290	1	295	87.01523545706371
0	99999999999999999	1	1673	99.32811577082103
0	99999999999999999	0	99999999999999999	75.61216429699843
1	253	1	257	90.42452830188678
0	99999999999999999	0	99999999999999999	84.59349593495934
0	99999999999999999	1	360	90.02403846153847
0	99999999999999999	1	420	89.64891041162227
1	630	1	634	92.6301684532925
1	403	1	480	92.50535331905782
0	99999999999999999	1	420	89.96621621621622
1	251	1	360	93.28947368421052
1	270	1	360	92.52411575562702
0	99999999999999999	1	360	97.67441860465115
0	99999999999999999	1	602	71.45765472312704
0	99999999999999999	1	422	79.7423245614035
0	99999999999999999	0	99999999999999999	85.81882911392404
1	384	1	388	88.8317191283293
0	99999999999999999	1	600	83.14114391143912
1	186	1	190	90.58056872037915
1	173	1	198	90.47085201793723
1	467	1	542	95.08377425044091
0	99999999999999999	1	360	96.5804066543438
0	99999999999999999	1	142	91.3970588235294
1	299	1	303	93.86432926829268
0	99999999999999999	0	99999999999999999	70.30254777070064
0	99999999999999999	0	99999999999999999	85.90163934426229
0	99999999999999999	0	99999999999999999	76.97772657450076
0	99999999999999999	1	230	91.12745098039214
0	99999999999999999	0	99999999999999999	91.27207062600321
0	99999999999999999	1	260	83.67834394904459
0	99999999999999999	1	360	96.23893805309734
1	245	1	249	92.98327137546468
1	218	1	499	96.72675521821633
1	189	1	193	90.8256880733945
0	99999999999999999	1	360	97.98787210584344
0	99999999999999999	0	99999999999999999	78.78289473684211
0	99999999999999999	0	99999999999999999	79.25955414012739
0	99999999999999999	0	99999999999999999	76.02362204724409
0	99999999999999999	0	99999999999999999	84.672131147541
1	626	1	630	83.79770992366413
0	99999999999999999	1	420	93.03201506591337
0	99999999999999999	1	241	90.83011583011583
1	315	1	360	94.30835734870317
0	99999999999999999	1	269	93.92241379310344
0	99999999999999999	1	663	93.30234159779614
1	415	1	419	95.45711060948082
0	99999999999999999	0	99999999999999999	74.46102819237147
0	99999999999999999	1	268	84.63184931506851
0	99999999999999999	1	189	87.6152073732719
0	99999999999999999	0	99999999999999999	83.06640625
1	511	1	515	92.7255985267035
0	99999999999999999	1	360	90.34267912772586
0	99999999999999999	1	483	90.01956947162428
1	384	1	420	97.93762575452715
1	250	1	332	95.8806818181818
1	191	1	322	97.86676646706587
0	99999999999999999	1	360	96.47328881469114
0	99999999999999999	0	99999999999999999	75.32733224222586
0	99999999999999999	0	99999999999999999	71.97933227344991
0	99999999999999999	1	126	79.96894409937889
0	99999999999999999	0	99999999999999999	77.66295707472179
1	494	0	99999999999999999	89.95967741935482
1	196	1	220	88.77032520325204
1	381	1	385	94.77848101265823
1	293	1	364	87.78868360277136
0	99999999999999999	1	371	91.82449494949493
1	387	1	420	94.24126637554585
1	419	1	420	95.36637931034483
0	99999999999999999	0	99999999999999999	78.67078825347758
0	99999999999999999	0	99999999999999999	77.55102040816327
0	99999999999999999	1	703	91.42661179698217
1	598	1	602	89.98805732484077
0	99999999999999999	0	99999999999999999	87.11878009630817
0	99999999999999999	1	360	90.9920634920635
1	297	1	360	91.36029411764706
1	329	1	333	95.56338028169013
1	525	1	360	96.16379310344828
0	99999999999999999	1	360	98.01755447941889
0	99999999999999999	1	360	96.8543046357616
0	99999999999999999	0	99999999999999999	73.98703403565641
0	99999999999999999	1	480	74.34863523573202
0	99999999999999999	1	161	83.88480392156863
0	99999999999999999	1	360	83.59621451104101
0	99999999999999999	1	252	87.13898916967509
1	188	1	192	89.36046511627906
1	446	1	450	95.1155462184874
0	99999999999999999	1	139	83.1967213114754
1	347	1	533	97.81250000000001
1	404	1	408	95.79466357308586
0	99999999999999999	1	360	99.58488647915961
0	99999999999999999	1	263	86.37931034482759
0	99999999999999999	0	99999999999999999	83.43653250773994
0	99999999999999999	1	430	88.54166666666667
1	465	1	469	84.6830985915493
1	203	1	219	83.39416058394161
0	99999999999999999	1	508	94.54588014981273
0	99999999999999999	1	196	79.61538461538461
0	99999999999999999	1	424	96.38888888888889
0	99999999999999999	1	329	96.34670487106017
0	99999999999999999	1	360	98.87448840381992
0	99999999999999999	1	360	99.0966796875
0	99999999999999999	0	99999999999999999	82.93195718654434
0	99999999999999999	1	312	82.62534818941505
0	99999999999999999	1	403	92.01306413301663
1	543	1	550	81.82003257328991
0	99999999999999999	1	149	77.59661835748793
1	262	1	369	96.39240506329115
1	365	1	369	94.19416243654823
1	236	1	240	96.18055555555554
0	99999999999999999	1	328	94.31179775280899
0	99999999999999999	1	360	95.28546712802769
0	99999999999999999	1	148	87.78901734104048
0	99999999999999999	0	99999999999999999	83.76777251184834
0	99999999999999999	0	99999999999999999	75.56089743589743
1	522	1	660	90.22123893805309
1	488	1	492	91.68241965973536
0	99999999999999999	1	360	85.11146496815286
1	421	1	600	92.23684210526316
0	99999999999999999	1	134	87.09935897435896
0	99999999999999999	1	360	94.92718446601941
0	99999999999999999	1	195	89.93212669683258
1	231	1	235	93.77376425855515
0	99999999999999999	1	189	85.77188940092165
0	99999999999999999	0	99999999999999999	80.97579425113466
0	99999999999999999	0	99999999999999999	78.94944707740916
0	99999999999999999	0	99999999999999999	84.98452012383902
1	607	1	611	86.39217134416543
1	198	1	223	90.75
0	99999999999999999	1	395	91.43026004728134
0	99999999999999999	1	189	88.75
1	261	1	360	95.63291139240506
0	99999999999999999	1	206	79.44444444444444
1	741	1	600	98.78744650499286
0	99999999999999999	1	2114	97.82683486238531
0	99999999999999999	0	99999999999999999	81.67077175697865
0	99999999999999999	1	249	82.75547445255474
0	99999999999999999	0	99999999999999999	86.74183514774495
0	99999999999999999	1	434	82.21354166666667
0	99999999999999999	1	480	87.3878923766816
0	99999999999999999	1	154	90.625
0	99999999999999999	1	157	75.53317535545023
1	370	1	374	92.375
0	99999999999999999	1	420	94.33734939759037
1	221	1	460	96.77835051546391
1	169	1	173	90.59466019417478
1	138	1	167	82.53588516746412
1	438	1	442	95.65334773218143
0	99999999999999999	0	99999999999999999	82.74436090225564
0	99999999999999999	1	253	82.28503184713377
1	238	1	243	90.14423076923077
0	99999999999999999	1	360	85.08986928104575
1	292	1	360	90.11363636363637
0	99999999999999999	1	140	88.55421686746988
1	499	1	503	97.04198473282443
1	330	1	334	91.43454038997216
1	224	1	228	93.32329317269077
0	99999999999999999	0	99999999999999999	76.20033112582782
1	497	1	501	82.47549019607844
0	99999999999999999	1	305	87.3076923076923
1	125	1	138	89.92424242424242
1	282	1	286	89.49044585987261
1	292	1	296	93.13271604938271
1	188	1	222	88.61003861003863
0	99999999999999999	1	420	96.93298969072166
1	415	1	419	96.5261958997722
0	99999999999999999	1	360	98.33795013850417
0	99999999999999999	0	99999999999999999	76.05799373040753
0	99999999999999999	0	99999999999999999	68.35236541598695
0	99999999999999999	1	133	71.75
0	99999999999999999	1	540	84.22330097087378
1	207	1	211	84.53307392996109
0	99999999999999999	1	420	91.05530474040631
0	99999999999999999	1	660	93.38810641627545
1	215	1	219	91.80327868852459
0	99999999999999999	1	219	81.45017793594306
0	99999999999999999	1	311	95.9469696969697
1	205	1	525	96.33152173913042
0	99999999999999999	0	99999999999999999	79.03999999999999
0	99999999999999999	0	99999999999999999	80.11182108626198
0	99999999999999999	0	99999999999999999	79.45151033386327
0	99999999999999999	1	398	91.10520094562648
1	253	1	360	93.48684210526316
0	99999999999999999	1	184	91.87192118226601
0	99999999999999999	1	189	86.62790697674419
0	99999999999999999	1	203	90.68080357142858
1	654	1	360	98.26101928374656
0	99999999999999999	1	360	91.50696864111498
0	99999999999999999	1	195	90.30963302752293
0	99999999999999999	1	360	66.13036303630362
0	99999999999999999	1	360	79.01960784313725
0	99999999999999999	1	480	83.34352078239608
0	99999999999999999	1	499	88.97748592870543
1	316	1	320	93.13936781609195
1	216	1	220	86.78278688524591
1	413	1	360	96.10244988864142
0	99999999999999999	1	231	87.15686274509804
0	99999999999999999	1	360	96.1354961832061
1	1217	1	360	97.79411764705883
1	545	1	549	97.23913043478262
0	99999999999999999	0	99999999999999999	76.82119205298014
0	99999999999999999	0	99999999999999999	84.48275862068967
0	99999999999999999	0	99999999999999999	80.7660626029654
0	99999999999999999	1	243	84.76562500000001
1	574	1	578	84.64912280701753
0	99999999999999999	1	360	92.38782051282051
0	99999999999999999	1	600	92.36956521739131
0	99999999999999999	1	189	87.7336448598131
0	99999999999999999	1	360	96.6796875
1	275	1	279	95.1086956521739
0	99999999999999999	1	790	97.73838630806847
0	99999999999999999	0	99999999999999999	81.24031007751938
0	99999999999999999	0	99999999999999999	81.32440476190476
0	99999999999999999	0	99999999999999999	84.04684975767366
1	222	1	226	85.86956521739131
0	99999999999999999	0	99999999999999999	87.31647634584013
1	162	1	193	92.97945205479454
0	99999999999999999	1	360	93.78099173553719
1	286	1	360	91.7042042042042
1	131	1	175	93.30357142857143
1	346	1	581	97.81713344316309
1	546	1	579	95.88735818476499
0	99999999999999999	0	99999999999999999	77.75193798449612
0	99999999999999999	0	99999999999999999	82.90529695024077
0	99999999999999999	1	585	90.95394736842105
0	99999999999999999	0	99999999999999999	83.67647058823532
1	385	1	480	93.16825775656324
0	99999999999999999	1	360	93.4976247030879
0	99999999999999999	1	250	80.73248407643312
0	99999999999999999	1	132	84.15032679738562
0	99999999999999999	1	420	98.8127729257642
1	145	1	149	86.96808510638299
1	166	1	170	83.85167464114832
0	99999999999999999	0	99999999999999999	75.20593080724876
0	99999999999999999	0	99999999999999999	85.03577106518283
1	437	0	99999999999999999	89.20713201820942
0	99999999999999999	0	99999999999999999	89.59016393442623
1	630	1	636	92.00381679389311
0	99999999999999999	1	420	91.15196078431373
1	202	1	206	92.42424242424242
1	207	1	211	81.58914728682171
0	99999999999999999	1	432	93.90889830508475
1	644	1	648	97.47399702823179
1	260	1	1899	99.31640625
0	99999999999999999	0	99999999999999999	79.73140495867769
0	99999999999999999	0	99999999999999999	80.41195476575119
0	99999999999999999	0	99999999999999999	75.38934426229508
0	99999999999999999	0	99999999999999999	92.49260355029587
0	99999999999999999	0	99999999999999999	86.64643399089529
0	99999999999999999	1	124	78.6144578313253
1	273	1	360	93.96024464831802
0	99999999999999999	1	137	72.61029411764706
1	229	1	233	92.47104247104248
1	210	1	255	94.21708185053379
0	99999999999999999	1	360	95.48969072164948
0	99999999999999999	1	362	87.85529715762274
0	99999999999999999	0	99999999999999999	81.30990415335465
0	99999999999999999	0	99999999999999999	81.03305785123968
0	99999999999999999	1	420	95.32019704433498
0	99999999999999999	1	133	88.84493670886074
0	99999999999999999	1	318	94.44040697674419
0	99999999999999999	1	254	95.3853046594982
1	417	1	421	95.16853932584269
1	798	1	360	97.01380552220888
0	99999999999999999	1	360	95.46589018302828
0	99999999999999999	1	420	98.64597093791282
1	414	1	540	85.85164835164836
0	99999999999999999	0	99999999999999999	78.88461538461539
0	99999999999999999	0	99999999999999999	78.65353037766832
1	170	1	174	81.5
1	445	1	496	95.00492125984252
0	99999999999999999	1	602	91.98
0	99999999999999999	1	294	91.05431309904154
1	213	1	360	90.44612794612796
1	354	1	360	93.10126582278482
1	389	1	393	86.3431151241535
0	99999999999999999	1	1330	99.11111111111111
0	99999999999999999	0	99999999999999999	66.26409017713365
0	99999999999999999	0	99999999999999999	80.02411575562702
0	99999999999999999	0	99999999999999999	88.86178861788618
0	99999999999999999	1	455	78.00387596899225
1	250	1	425	96.13686534216335
0	99999999999999999	1	264	90.99137931034483
0	99999999999999999	1	269	87.11993243243242
0	99999999999999999	1	199	89.15929203539824
0	99999999999999999	1	152	82.46268656716418
0	99999999999999999	1	171	76.44849785407726
0	99999999999999999	1	134	75.5625
0	99999999999999999	0	99999999999999999	71.95512820512819
0	99999999999999999	0	99999999999999999	81.81076672104405
0	99999999999999999	0	99999999999999999	79.80480480480482
0	99999999999999999	0	99999999999999999	84.42429022082018
0	99999999999999999	1	183	85.9452736318408
0	99999999999999999	1	181	89.75
1	243	1	247	84.24603174603175
1	196	1	898	98.31263498920087
0	99999999999999999	1	189	92.78169014084506
0	99999999999999999	1	186	91.29672897196261
1	144	1	193	91.6289592760181
0	99999999999999999	0	99999999999999999	81.30990415335462
0	99999999999999999	0	99999999999999999	77.190332326284
0	99999999999999999	0	99999999999999999	85.06568778979909
0	99999999999999999	0	99999999999999999	82.93943870014772
0	99999999999999999	1	183	92.875
0	99999999999999999	1	193	93.66359447004608
0	99999999999999999	1	139	92.45283018867924
1	214	1	360	92.92704626334519
0	99999999999999999	1	137	85.72485207100593
1	186	1	190	89.77272727272728
0	99999999999999999	1	218	86.62551440329219
0	99999999999999999	1	545	79.21792618629173
1	648	1	652	84.55449189985272
0	99999999999999999	1	490	86.40776699029126
0	99999999999999999	0	99999999999999999	89.26923076923077
0	99999999999999999	1	293	89.20094936708861
1	247	1	360	86.59591194968553
1	210	1	214	90.19396551724138
0	99999999999999999	1	129	97.22222222222221
1	168	1	186	93.8690476190476
0	99999999999999999	1	141	93.4748427672956
0	99999999999999999	1	360	98.24723247232473
0	99999999999999999	0	99999999999999999	80.62700964630224
0	99999999999999999	0	99999999999999999	79.88372093023256
0	99999999999999999	0	99999999999999999	76.0655737704918
0	99999999999999999	0	99999999999999999	83.66762177650429
1	401	1	405	91.5968899521531
1	123	1	176	93.75
1	213	1	221	82.10526315789474
1	526	1	530	97.75179856115108
1	150	1	342	87.01338199513383
0	99999999999999999	1	360	98.7647804054054
0	99999999999999999	1	360	98.24468085106383
0	99999999999999999	0	99999999999999999	83.17307692307693
0	99999999999999999	1	124	78.10650887573965
1	617	1	630	86.53846153846153
0	99999999999999999	1	429	85.4040404040404
1	449	1	454	88.26923076923077
1	505	1	525	91.15217391304348
0	99999999999999999	1	144	83.96739130434783
0	99999999999999999	1	179	92.36453201970444
1	266	1	272	93.32191780821918
1	212	1	216	95.40289256198346
0	99999999999999999	1	754	98.2051282051282
0	99999999999999999	1	243	86.14864864864865
0	99999999999999999	0	99999999999999999	80.58213716108453
0	99999999999999999	1	312	87.23880597014926
0	99999999999999999	1	600	89.78559870550163
1	261	1	265	86.34020618556701
0	99999999999999999	1	132	77.12912087912088
0	99999999999999999	1	129	73.98648648648648
0	99999999999999999	1	234	81.87499999999999
1	198	1	202	97.59615384615384
0	99999999999999999	1	360	96.5956340956341
0	99999999999999999	1	360	98.62794012829652
0	99999999999999999	0	99999999999999999	73.73778501628665
0	99999999999999999	0	99999999999999999	80.88709677419355
0	99999999999999999	1	454	82.70153550863724
0	99999999999999999	0	99999999999999999	87.6797124600639
0	99999999999999999	1	451	93.6046511627907
0	99999999999999999	1	503	88.78546099290782
0	99999999999999999	1	229	94.64285714285714
1	137	1	141	76.77696078431372
1	144	1	173	88.08139534883722
0	99999999999999999	1	132	89.30817610062893
1	323	1	478	96.47117296222665
0	99999999999999999	0	99999999999999999	78.19237147595356
0	99999999999999999	0	99999999999999999	84.33388157894737
0	99999999999999999	0	99999999999999999	80.3688524590164
0	99999999999999999	1	198	92.73648648648648
0	99999999999999999	1	219	93.35774058577407
1	416	1	420	95.05617977528091
0	99999999999999999	1	204	90.39301310043668
0	99999999999999999	1	244	91.91176470588236
0	99999999999999999	1	131	85.26785714285715
1	379	1	383	95.68014705882354
1	179	1	221	91.07843137254902
0	99999999999999999	0	99999999999999999	69.48590381426203
0	99999999999999999	0	99999999999999999	76.25391849529781
0	99999999999999999	0	99999999999999999	78.42409240924091
1	395	1	399	90.95433255269322
0	99999999999999999	1	124	80.01497005988023
0	99999999999999999	1	188	90.29761904761905
0	99999999999999999	1	420	93.57569721115537
1	265	1	360	92.93664383561642
1	228	1	269	94.44444444444444
0	99999999999999999	1	233	82.04697986577182
0	99999999999999999	1	343	95.88948787061994
0	99999999999999999	0	99999999999999999	90.12841091492778
0	99999999999999999	0	99999999999999999	78.52459016393442
0	99999999999999999	0	99999999999999999	78.82901134521882
0	99999999999999999	1	543	88.29298831385643
0	99999999999999999	1	480	87.41830065359478
0	99999999999999999	1	367	82.78245192307693
1	348	1	407	97.7191943127962
1	271	1	275	85.86128048780488
1	366	1	420	97.50566893424035
1	715	1	540	99.24339300937767
0	99999999999999999	1	360	98.15436241610738
0	99999999999999999	0	99999999999999999	72.53316749585406
0	99999999999999999	0	99999999999999999	76.16185897435898
1	509	1	513	90.29574861367838
0	99999999999999999	1	444	91.14025695931477
0	99999999999999999	1	480	86.5079365079365
0	99999999999999999	1	420	95.45194508009153
0	99999999999999999	1	146	91.78994082840237
0	99999999999999999	1	182	82.76699029126212
0	99999999999999999	1	355	93.41931216931218
1	631	1	360	97.61977886977887
0	99999999999999999	1	360	97.42
0	99999999999999999	0	99999999999999999	85.70872274143302
0	99999999999999999	0	99999999999999999	79.69242902208201
0	99999999999999999	0	99999999999999999	81.27769571639585
1	340	1	344	89.13934426229507
0	99999999999999999	1	567	88.23777403035413
0	99999999999999999	1	319	93.40778097982708
1	209	1	218	82.94642857142857
1	330	1	334	93.94150417827298
0	99999999999999999	1	287	85.75994318181819
0	99999999999999999	1	360	96.54471544715447
1	245	1	249	93.8425925925926
0	99999999999999999	0	99999999999999999	78.11488673139158
1	499	1	600	80.52380952380953
0	99999999999999999	0	99999999999999999	78.88461538461539
1	379	1	383	94.30693069306932
0	99999999999999999	1	216	90.09336099585063
1	369	1	480	91.24381188118811
1	144	1	148	75.56532663316582
1	298	1	453	95.81600831600831
0	99999999999999999	1	217	90.15624999999999
0	99999999999999999	1	360	99.11953727506426
1	531	1	924	98.43915343915344
0	99999999999999999	0	99999999999999999	72.29338842975206
0	99999999999999999	0	99999999999999999	90.3970826580227
0	99999999999999999	0	99999999999999999	89.42889561270802
0	99999999999999999	1	133	85.98726114649683
0	99999999999999999	1	305	87.04407294832828
0	99999999999999999	1	480	90.59210526315789
1	217	1	360	93.20255474452554
0	99999999999999999	1	257	85.8085808580858
0	99999999999999999	1	442	95.95824411134902
1	424	1	420	97.20695970695972
1	1096	1	1100	98.83229537366549
0	99999999999999999	0	99999999999999999	85.057003257329
0	99999999999999999	0	99999999999999999	81.01777059773829
0	99999999999999999	0	99999999999999999	86.84
0	99999999999999999	1	498	91.44230769230768
1	319	1	323	92.87790697674417
0	99999999999999999	1	360	96.25
0	99999999999999999	1	420	92.2897196261682
1	435	1	439	94.54301075268818
0	99999999999999999	1	137	77.81862745098039
0	99999999999999999	1	360	95.54992764109983
0	99999999999999999	1	360	99.03974615898464
0	99999999999999999	0	99999999999999999	79.26929392446634
0	99999999999999999	1	710	89.6374829001368
0	99999999999999999	0	99999999999999999	79.04471544715447
0	99999999999999999	1	469	91.18852459016395
0	99999999999999999	1	198	90.33333333333333
0	99999999999999999	1	247	89.95454545454545
1	185	1	203	84.82142857142857
1	256	1	260	93.39788732394366
0	99999999999999999	1	154	89.03631284916202
0	99999999999999999	1	480	97.2878787878788
1	172	1	200	79.40074906367042
0	99999999999999999	0	99999999999999999	73.62903225806451
0	99999999999999999	0	99999999999999999	73.09417040358744
0	99999999999999999	0	99999999999999999	88.35669781931465
0	99999999999999999	1	370	88.01020408163266
1	533	1	565	86.4497528830313
0	99999999999999999	1	360	92.40196078431372
0	99999999999999999	1	183	89.11483253588516
0	99999999999999999	1	242	92.17592592592592
1	276	1	360	92.82258064516128
0	99999999999999999	1	360	98.85764499121265
0	99999999999999999	1	360	96.33620689655172
0	99999999999999999	0	99999999999999999	78.0130293159609
0	99999999999999999	0	99999999999999999	88.01100628930817
0	99999999999999999	1	539	89.86185383244207
1	293	1	337	78.2716049382716
1	251	1	360	90.94076655052265
1	268	1	360	92.52491694352157
1	289	1	306	93.76947040498442
0	99999999999999999	1	360	92.87709497206704
0	99999999999999999	1	414	95.35876993166286
1	351	1	355	94.73684210526315
0	99999999999999999	1	1848	98.99839743589745
0	99999999999999999	0	99999999999999999	73.48608837970541
1	331	1	351	87.56720430107526
0	99999999999999999	1	429	83.2542194092827
0	99999999999999999	1	243	87.96641791044776
1	645	1	664	87.09618208516886
0	99999999999999999	1	322	80.68475452196382
1	238	1	360	89.03429602888086
0	99999999999999999	1	344	96.32963988919667
1	257	1	360	92.17171717171716
0	99999999999999999	1	274	87.11538461538461
1	1190	1	1194	98.25962325962325
0	99999999999999999	1	360	80.33018867924528
0	99999999999999999	0	99999999999999999	87.30031948881789
0	99999999999999999	0	99999999999999999	77.05930807248764
0	99999999999999999	1	581	90.67195325542572
1	365	1	369	95.67550505050505
0	99999999999999999	1	306	88.57044198895026
0	99999999999999999	1	360	85.09908536585365
0	99999999999999999	1	134	93.4375
1	318	1	360	95.95588235294117
1	861	1	1661	99.10237388724036
1	306	1	310	90.28614457831324
0	99999999999999999	1	360	86.61032028469751
1	228	1	232	88.56177606177606
0	99999999999999999	0	99999999999999999	78.3076923076923
0	99999999999999999	1	341	92.97520661157026
1	528	1	543	87.69806338028168
0	99999999999999999	1	262	92.09821428571428
1	257	1	360	93.77147766323024
0	99999999999999999	1	360	82.31511254019293
0	99999999999999999	1	360	97.09653092006033
0	99999999999999999	1	131	75.00000000000001
0	99999999999999999	1	360	99.00345622119816
0	99999999999999999	0	99999999999999999	75.84097859327218
0	99999999999999999	1	242	78.125
1	546	1	559	85.17017828200972
1	432	1	440	89.40860215053762
0	99999999999999999	1	246	88.52230483271377
0	99999999999999999	1	360	91.28787878787878
0	99999999999999999	1	125	83.1953642384106
0	99999999999999999	1	286	95.01633986928104
1	684	1	360	98.35987261146497
1	483	1	490	97.09072978303747
0	99999999999999999	1	158	78.90271493212671
0	99999999999999999	0	99999999999999999	82.18799368088469
0	99999999999999999	1	422	75.50105485232068
0	99999999999999999	1	480	80.89788732394366
0	99999999999999999	0	99999999999999999	81.22154779969651
0	99999999999999999	0	99999999999999999	87.04407294832825
0	99999999999999999	1	185	89.72772277227723
0	99999999999999999	1	259	82.5877192982456
1	224	1	228	87.79296875
0	99999999999999999	1	137	84.43251533742333
0	99999999999999999	1	347	96.16168478260869
0	99999999999999999	1	360	95.49704724409449
0	99999999999999999	0	99999999999999999	78.16611842105263
0	99999999999999999	0	99999999999999999	76.33928571428571
0	99999999999999999	0	99999999999999999	79.73300970873785
0	99999999999999999	0	99999999999999999	83.12220566318926
0	99999999999999999	1	305	92.56756756756758
1	291	1	311	74.27248677248677
1	169	1	176	92.41293532338308
1	310	1	420	92.05994897959184
1	709	1	713	94.5460704607046
0	99999999999999999	1	420	97.86662452591656
1	270	1	274	95.36564625850342
0	99999999999999999	0	99999999999999999	77.13365539452496
0	99999999999999999	1	259	76.9047619047619
0	99999999999999999	1	245	79.01785714285714
1	289	1	293	84.07320872274141
1	377	1	420	95.36340852130326
1	577	1	581	86.64137380191693
0	99999999999999999	1	137	83.05084745762713
0	99999999999999999	1	583	95.39473684210526
1	332	1	360	95.6036745406824
0	99999999999999999	1	147	74.64788732394365
1	1222	1	1226	98.3652312599681
0	99999999999999999	0	99999999999999999	77.8052805280528
0	99999999999999999	0	99999999999999999	78.49173553719008
0	99999999999999999	0	99999999999999999	77.70992366412214
0	99999999999999999	1	600	83.61363636363637
0	99999999999999999	1	600	90.54428044280442
0	99999999999999999	1	420	87.04545454545455
1	336	1	340	96.23287671232877
0	99999999999999999	1	314	93.19852941176471
0	99999999999999999	1	360	97.72359913793105
1	230	1	360	95.21513353115728
1	305	1	360	91.7279411764706
0	99999999999999999	0	99999999999999999	82.50798722044729
0	99999999999999999	0	99999999999999999	82.42187500000001
0	99999999999999999	0	99999999999999999	78.72168284789645
0	99999999999999999	0	99999999999999999	84.88777089783282
0	99999999999999999	1	387	94.3264563106796
1	531	1	537	91.43435251798563
0	99999999999999999	1	375	93.15625
1	320	1	360	94.48390151515152
0	99999999999999999	1	360	94.84924623115577
1	432	1	440	90.90457256461232
0	99999999999999999	1	360	96.01113172541743
0	99999999999999999	0	99999999999999999	69.80360065466449
0	99999999999999999	0	99999999999999999	82.54560530679933
0	99999999999999999	0	99999999999999999	85.55555555555556
0	99999999999999999	0	99999999999999999	94.29307805596466
0	99999999999999999	1	325	94.32803468208091
0	99999999999999999	1	174	89.76130653266333
0	99999999999999999	1	266	88.61683848797252
1	225	1	229	90.50196850393701
1	219	1	223	92.45867768595042
1	365	1	420	98.10802069857698
1	269	1	273	86.8920972644377
0	99999999999999999	0	99999999999999999	70.0525040387722
0	99999999999999999	0	99999999999999999	83.10032894736841
0	99999999999999999	0	99999999999999999	83.37282780410743
1	728	1	737	83.94206549118388
1	140	1	144	80.96153846153845
1	188	1	201	90.13157894736841
0	99999999999999999	1	211	90.17094017094017
1	217	1	222	80.64236111111113
1	295	1	360	93.14404432132964
0	99999999999999999	1	360	98.27057793345008
0	99999999999999999	1	360	99.5428531546622
0	99999999999999999	0	99999999999999999	75.32467532467533
0	99999999999999999	0	99999999999999999	75.56542810985461
0	99999999999999999	0	99999999999999999	78.88272583201268
0	99999999999999999	1	304	83.13172043010753
0	99999999999999999	1	412	81.94154488517745
0	99999999999999999	1	183	90.7451923076923
1	291	1	295	92.48417721518987
1	199	1	203	87.33183856502242
0	99999999999999999	1	420	94.16454081632654
0	99999999999999999	1	360	98.85312259059367
1	355	1	640	96.16392215568862
1	237	1	360	87.4084249084249
0	99999999999999999	1	314	82.66369047619048
0	99999999999999999	0	99999999999999999	84.05688622754491
0	99999999999999999	1	502	96.88697318007662
0	99999999999999999	1	550	91.9627383015598
0	99999999999999999	1	213	95.24058577405857
1	215	1	219	81.08736059479553
0	99999999999999999	1	217	90.85743801652893
0	99999999999999999	1	360	93.19126819126821
1	429	1	454	93.35
0	99999999999999999	1	253	93.9090909090909
1	428	1	540	77.69823788546255
0	99999999999999999	0	99999999999999999	76.61169415292353
0	99999999999999999	0	99999999999999999	78.91566265060241
0	99999999999999999	0	99999999999999999	83.30838323353294
1	193	1	197	88.0
1	449	1	453	91.99260042283298
0	99999999999999999	1	188	86.97916666666666
1	194	1	198	82.177734375
1	275	1	279	93.64617940199336
1	1512	1	360	98.87096774193549
0	99999999999999999	1	360	99.40165061898213
0	99999999999999999	0	99999999999999999	78.33072100313481
0	99999999999999999	0	99999999999999999	80.41195476575122
1	308	1	312	81.53034300791558
1	150	1	154	84.35929648241208
0	99999999999999999	1	600	87.86764705882354
0	99999999999999999	1	449	87.3421052631579
0	99999999999999999	1	202	92.76905829596413
1	255	1	360	92.71885521885521
1	563	1	567	96.26050420168067
1	160	1	164	83.625
0	99999999999999999	1	420	99.2831728756802
0	99999999999999999	0	99999999999999999	71.23344370860929
0	99999999999999999	0	99999999999999999	75.85059171597634
0	99999999999999999	0	99999999999999999	77.69953051643192
0	99999999999999999	0	99999999999999999	84.95065789473682
1	279	1	283	88.0287009063444
0	99999999999999999	1	178	90.5
1	542	1	609	89.84138972809669
0	99999999999999999	1	306	85.5
0	99999999999999999	1	170	87.8238341968912
0	99999999999999999	1	360	98.06670602125148
0	99999999999999999	1	137	83.28729281767956
0	99999999999999999	0	99999999999999999	81.06677524429968
0	99999999999999999	0	99999999999999999	75.70480928689884
0	99999999999999999	1	250	90.95454545454547
0	99999999999999999	0	99999999999999999	83.4375
1	434	1	443	95.22532188841203
0	99999999999999999	1	249	88.4927797833935
1	254	1	423	96.86800894854586
0	99999999999999999	1	343	95.99184782608695
1	230	1	234	92.93269230769232
1	401	1	405	93.85103926096997
1	454	1	360	94.64651639344264
0	99999999999999999	0	99999999999999999	78.55371900826447
0	99999999999999999	1	483	85.53149606299212
1	253	1	360	90.30249110320284
0	99999999999999999	1	424	93.63938053097343
0	99999999999999999	1	420	89.11290322580645
0	99999999999999999	1	285	92.73538961038962
0	99999999999999999	1	266	90.20034843205575
0	99999999999999999	1	296	87.61609907120743
1	582	1	586	97.94745484400657
0	99999999999999999	1	348	95.95588235294119
1	4687	1	4882	99.60285132382893
