0	99999999999999999	0	99999999999999999	72.55345394736842
0	99999999999999999	1	256	86.81066176470588
0	99999999999999999	1	142	92.85714285714285
0	99999999999999999	0	99999999999999999	86.5968801313629
1	241	1	331	91.78272980501393
0	99999999999999999	1	420	84.25279329608938
0	99999999999999999	1	480	91.28289473684211
0	99999999999999999	1	330	94.65811965811966
1	1571	1	1575	99.11442006269593
1	491	1	509	96.76275992438565
1	832	1	2664	99.27973977695169
0	99999999999999999	0	99999999999999999	74.16666666666667
0	99999999999999999	0	99999999999999999	81.24031007751938
0	99999999999999999	0	99999999999999999	83.18713450292397
0	99999999999999999	0	99999999999999999	84.15880503144653
0	99999999999999999	0	99999999999999999	89.39332247557003
1	240	1	269	92.98986486486487
0	99999999999999999	1	360	92.42294520547945
1	239	1	243	92.31481481481482
1	520	1	524	96.39945652173913
1	134	1	420	99.1032608695652
0	99999999999999999	0	99999999999999999	82.85205696202532
0	99999999999999999	0	99999999999999999	74.3485342019544
0	99999999999999999	0	99999999999999999	81.42750373692078
1	150	0	99999999999999999	91.58088235294117
0	99999999999999999	1	420	75.64363143631437
0	99999999999999999	1	480	91.28787878787878
0	99999999999999999	1	600	91.2112932604736
0	99999999999999999	1	420	86.03603603603602
1	202	1	234	95.24509803921569
1	320	1	324	96.82890855457228
1	538	1	542	97.78119507908612
0	99999999999999999	0	99999999999999999	78.1874039938556
0	99999999999999999	1	600	86.36363636363636
0	99999999999999999	1	360	83.63715277777777
0	99999999999999999	1	420	92.59906759906758
0	99999999999999999	1	600	88.89627659574467
1	336	1	368	95.96055979643765
1	295	1	360	93.92097264437689
1	290	1	294	95.72981366459626
0	99999999999999999	1	146	86.07784431137725
1	1172	1	1198	98.6842105263158
0	99999999999999999	1	360	97.17912552891396
0	99999999999999999	0	99999999999999999	74.22131147540982
0	99999999999999999	0	99999999999999999	80.12924071082391
0	99999999999999999	1	480	77.3235294117647
0	99999999999999999	1	360	83.33333333333331
0	99999999999999999	1	265	87.71404109589042
1	429	1	433	88.16079295154185
0	99999999999999999	1	360	91.80327868852459
0	99999999999999999	1	366	94.56380208333333
0	99999999999999999	1	420	93.61413043478261
1	195	1	242	92.5925925925926
0	99999999999999999	1	360	98.32317073170731
0	99999999999999999	0	99999999999999999	74.95961227786754
0	99999999999999999	1	360	85.01945525291829
0	99999999999999999	1	480	86.79577464788731
0	99999999999999999	1	420	84.13461538461539
1	122	1	181	90.44117647058822
1	217	1	232	92.00581395348838
1	140	1	144	92.98780487804878
0	99999999999999999	1	360	94.609375
0	99999999999999999	1	136	89.57006369426752
1	135	1	242	94.30555555555556
0	99999999999999999	1	360	98.86538461538461
0	99999999999999999	0	99999999999999999	83.6248012718601
0	99999999999999999	0	99999999999999999	73.97875816993464
0	99999999999999999	1	600	84.33823529411765
0	99999999999999999	1	480	88.20257611241217
0	99999999999999999	1	374	91.57051282051282
1	204	1	222	91.37755102040818
1	195	1	199	90.06696428571428
0	99999999999999999	1	360	79.22131147540985
1	389	1	393	95.95323741007194
1	337	1	344	94.5228494623656
1	630	1	634	97.48106060606061
0	99999999999999999	0	99999999999999999	78.13492063492063
0	99999999999999999	0	99999999999999999	77.57048092868988
1	473	1	494	82.11904761904762
1	420	1	540	89.5054945054945
1	412	1	600	89.01446654611212
0	99999999999999999	1	420	95.07472826086958
1	255	1	259	92.57246376811595
0	99999999999999999	1	200	90.35087719298244
1	137	1	141	94.6656050955414
1	310	1	733	97.7931488801054
0	99999999999999999	1	623	96.07692307692308
0	99999999999999999	0	99999999999999999	80.15748031496064
0	99999999999999999	0	99999999999999999	72.78688524590164
0	99999999999999999	1	480	90.72580645161291
0	99999999999999999	1	600	88.5233918128655
0	99999999999999999	0	99999999999999999	86.89604685212299
1	441	1	600	86.22159090909092
1	321	1	325	91.85714285714285
0	99999999999999999	1	360	88.33333333333333
0	99999999999999999	1	360	97.46621621621622
0	99999999999999999	1	360	94.56335616438355
0	99999999999999999	1	1204	98.4018729641694
0	99999999999999999	0	99999999999999999	72.85478547854785
1	171	1	184	83.79854368932037
0	99999999999999999	1	360	85.21929824561404
0	99999999999999999	1	540	77.5695931477516
0	99999999999999999	1	360	91.03159851301115
0	99999999999999999	1	420	88.88059701492537
0	99999999999999999	1	360	86.15107913669064
1	396	1	428	96.74276169265033
1	629	1	676	98.36095100864554
0	99999999999999999	1	360	94.47439353099732
0	99999999999999999	1	266	91.70918367346938
0	99999999999999999	0	99999999999999999	77.69413629160063
0	99999999999999999	1	259	87.54432624113475
1	598	1	615	83.7992125984252
0	99999999999999999	1	269	87.5
1	463	0	99999999999999999	90.65514469453377
1	244	1	257	93.0701754385965
0	99999999999999999	1	360	88.69912790697676
1	163	1	167	86.7763157894737
0	99999999999999999	1	183	91.7892156862745
0	99999999999999999	1	359	93.34415584415585
1	201	1	205	91.2280701754386
0	99999999999999999	0	99999999999999999	84.41103789126853
0	99999999999999999	0	99999999999999999	76.19514106583073
0	99999999999999999	1	549	84.69789842381786
1	421	0	99999999999999999	91.29256965944272
0	99999999999999999	1	420	86.06617647058823
0	99999999999999999	1	480	93.61948955916472
1	189	1	193	89.33486238532112
0	99999999999999999	1	360	95.96505823627288
0	99999999999999999	1	246	87.82407407407408
1	338	1	351	94.42970822281168
1	625	1	1329	98.82092851879146
0	99999999999999999	0	99999999999999999	71.73553719008262
1	295	1	420	81.83890577507597
0	99999999999999999	1	480	81.42772511848342
0	99999999999999999	0	99999999999999999	87.72141706924315
0	99999999999999999	1	258	92.15425531914894
0	99999999999999999	1	360	93.79464285714288
0	99999999999999999	1	600	87.71887159533073
1	247	1	251	93.7037037037037
1	186	1	202	93.66666666666667
0	99999999999999999	1	360	96.08410493827161
0	99999999999999999	1	360	98.54675652906487
0	99999999999999999	0	99999999999999999	73.5569422776911
1	651	1	664	87.99857549857549
0	99999999999999999	1	482	87.67395626242543
0	99999999999999999	1	363	84.10256410256409
0	99999999999999999	1	243	91.76029962546816
1	230	1	360	93.91891891891892
0	99999999999999999	1	337	92.3972602739726
0	99999999999999999	1	360	91.6158536585366
0	99999999999999999	1	150	85.71428571428571
1	372	1	420	94.2214111922141
0	99999999999999999	1	360	95.46076642335765
0	99999999999999999	0	99999999999999999	78.6535303776683
0	99999999999999999	0	99999999999999999	86.4121835443038
0	99999999999999999	0	99999999999999999	78.03776683087027
1	684	1	688	91.08893557422971
0	99999999999999999	1	360	93.43065693430657
0	99999999999999999	1	420	92.44730679156908
0	99999999999999999	1	360	94.26523297491039
1	185	1	214	93.35774058577405
1	236	1	420	92.26027397260275
1	150	1	164	84.7488038277512
0	99999999999999999	1	360	99.7104138551507
0	99999999999999999	0	99999999999999999	73.35255354200989
0	99999999999999999	0	99999999999999999	87.64227642276424
0	99999999999999999	0	99999999999999999	82.83794788273616
0	99999999999999999	1	360	77.14521452145215
1	289	1	293	75.41782729805016
1	130	1	134	84.11949685534591
0	99999999999999999	1	139	91.14906832298136
0	99999999999999999	1	480	93.2843137254902
1	213	1	217	81.69014084507042
1	124	1	540	99.16317991631799
1	4874	1	4878	99.66857026310421
0	99999999999999999	0	99999999999999999	74.59150326797385
0	99999999999999999	0	99999999999999999	74.24
1	304	1	308	89.48170731707316
0	99999999999999999	0	99999999999999999	79.96062992125985
0	99999999999999999	1	600	84.67889908256882
0	99999999999999999	1	360	94.67905405405408
1	274	1	278	85.33496732026143
0	99999999999999999	1	134	89.83870967741936
0	99999999999999999	1	264	87.63157894736842
0	99999999999999999	1	183	89.3452380952381
0	99999999999999999	1	360	97.82838983050848
0	99999999999999999	0	99999999999999999	78.56270358306189
0	99999999999999999	0	99999999999999999	73.8391376451078
1	428	0	99999999999999999	83.57605177993526
0	99999999999999999	1	420	85.81288343558282
1	654	1	693	92.04387186629528
0	99999999999999999	1	322	95.02967359050444
0	99999999999999999	1	540	96.28690036900367
1	233	1	248	94.70260223048327
0	99999999999999999	1	420	87.46223564954683
1	315	1	791	98.13797313797313
1	166	1	420	97.69176136363637
0	99999999999999999	0	99999999999999999	79.37396351575455
0	99999999999999999	0	99999999999999999	84.46676970633695
0	99999999999999999	1	360	84.609375
0	99999999999999999	1	660	83.65853658536585
0	99999999999999999	1	360	85.9271523178808
0	99999999999999999	1	600	95.4326923076923
0	99999999999999999	1	238	77.23384030418251
0	99999999999999999	1	360	92.8409090909091
0	99999999999999999	1	360	96.1890243902439
1	495	1	675	98.63309352517985
0	99999999999999999	1	151	92.63392857142858
0	99999999999999999	0	99999999999999999	70.03999999999999
0	99999999999999999	1	360	76.08490566037737
0	99999999999999999	0	99999999999999999	81.62358642972535
1	550	1	554	86.7086038961039
0	99999999999999999	1	368	85.26785714285714
0	99999999999999999	1	600	92.2244094488189
0	99999999999999999	1	141	87.86764705882354
0	99999999999999999	1	480	92.78169014084507
0	99999999999999999	1	321	94.4364161849711
1	168	1	344	87.96068796068796
0	99999999999999999	1	360	98.51258581235697
0	99999999999999999	0	99999999999999999	75.43650793650794
1	274	1	278	90.04385964912281
0	99999999999999999	1	480	80.00614250614251
0	99999999999999999	1	420	87.43421052631578
0	99999999999999999	1	420	91.71875
1	411	1	444	92.98387096774194
0	99999999999999999	1	360	91.5032679738562
0	99999999999999999	1	360	97.10620525059664
1	195	1	209	93.32627118644069
1	420	1	424	96.99331848552339
1	517	1	521	95.98540145985402
0	99999999999999999	0	99999999999999999	72.66849529780563
0	99999999999999999	1	360	87.54480286738351
0	99999999999999999	0	99999999999999999	82.37639553429025
1	573	0	99999999999999999	86.23217115689384
0	99999999999999999	1	420	90.28954802259886
1	281	1	360	92.92385057471265
0	99999999999999999	1	360	88.5586319218241
0	99999999999999999	1	360	92.46323529411765
1	275	1	279	94.95762711864406
1	314	1	420	95.67307692307693
1	244	1	1163	98.3150800336984
0	99999999999999999	0	99999999999999999	76.8821603927987
0	99999999999999999	0	99999999999999999	82.96387520525451
1	220	0	99999999999999999	92.84000000000002
0	99999999999999999	1	420	90.98591549295773
1	338	1	351	94.26392572944297
1	188	1	192	89.91935483870967
1	131	1	135	88.203125
0	99999999999999999	1	360	77.64657980456026
1	253	1	257	90.17543859649123
0	99999999999999999	1	1299	98.77358490566039
0	99999999999999999	1	420	98.53488372093024
0	99999999999999999	0	99999999999999999	79.04290429042904
0	99999999999999999	0	99999999999999999	86.43145161290323
0	99999999999999999	1	360	88.45454545454547
0	99999999999999999	1	660	87.41379310344828
0	99999999999999999	1	360	90.43560606060605
1	349	1	480	87.25609756097562
1	136	1	192	93.03652968036529
0	99999999999999999	1	148	88.13920454545455
1	297	1	420	94.46107784431138
0	99999999999999999	1	360	93.53715170278639
0	99999999999999999	1	1208	98.84146341463415
0	99999999999999999	0	99999999999999999	74.34815950920245
0	99999999999999999	1	360	84.0625
0	99999999999999999	1	420	85.01506024096385
0	99999999999999999	1	480	89.5050125313283
1	394	1	480	90.39812646370025
0	99999999999999999	1	540	94.88188976377953
1	288	1	360	94.39102564102564
1	285	1	289	93.96687697160884
1	834	1	934	98.02974947807932
1	239	1	243	94.21641791044777
1	247	1	360	94.38405797101449
0	99999999999999999	0	99999999999999999	77.31404958677686
0	99999999999999999	1	540	86.08960176991151
0	99999999999999999	1	420	91.72960725075528
0	99999999999999999	1	420	79.04109589041096
0	99999999999999999	1	455	83.51793248945148
0	99999999999999999	1	420	93.99546827794562
0	99999999999999999	1	360	88.63636363636365
1	196	1	212	91.5625
0	99999999999999999	1	420	96.29284649776453
1	216	1	220	92.71255060728744
0	99999999999999999	1	155	93.38235294117646
0	99999999999999999	0	99999999999999999	78.46311475409836
0	99999999999999999	1	420	83.76811594202898
0	99999999999999999	0	99999999999999999	87.30031948881789
0	99999999999999999	0	99999999999999999	86.99612403100775
0	99999999999999999	1	420	88.02710843373495
0	99999999999999999	1	360	89.6484375
0	99999999999999999	1	420	94.4364161849711
0	99999999999999999	1	360	95.9096109839817
1	208	1	363	93.89386189258312
1	105	1	726	98.79032258064517
0	99999999999999999	1	360	99.59407535944472
0	99999999999999999	0	99999999999999999	77.72801302931596
0	99999999999999999	1	626	81.7588325652842
1	600	1	613	87.9513343799058
0	99999999999999999	1	360	83.17137809187278
0	99999999999999999	1	480	82.40979381443299
1	318	1	447	94.70744680851064
1	263	1	267	94.5993031358885
1	279	1	540	97.2608024691358
0	99999999999999999	1	360	92.68953068592057
0	99999999999999999	1	604	97.19793322734499
0	99999999999999999	1	409	93.33524027459953
0	99999999999999999	0	99999999999999999	77.05930807248764
0	99999999999999999	0	99999999999999999	69.64579901153212
0	99999999999999999	0	99999999999999999	85.75626959247647
1	216	1	360	82.50838926174498
0	99999999999999999	1	377	94.17293233082707
0	99999999999999999	1	420	86.92307692307693
0	99999999999999999	1	420	94.62719298245615
0	99999999999999999	1	249	93.38235294117648
0	99999999999999999	1	360	94.4927536231884
1	244	1	357	95.0261780104712
1	142	1	728	98.01061007957561
0	99999999999999999	0	99999999999999999	74.14196567862713
0	99999999999999999	0	99999999999999999	79.43615257048094
1	515	1	519	86.8360805860806
0	99999999999999999	1	420	80.02958579881657
0	99999999999999999	1	360	90.94827586206895
0	99999999999999999	1	183	92.07920792079207
0	99999999999999999	1	360	91.13869863013699
1	235	1	360	91.3425925925926
1	339	1	398	95.14880952380952
1	167	1	171	92.42227979274612
0	99999999999999999	1	360	97.0303867403315
0	99999999999999999	0	99999999999999999	77.1172638436482
0	99999999999999999	0	99999999999999999	71.52448657187993
0	99999999999999999	0	99999999999999999	73.83491311216429
0	99999999999999999	0	99999999999999999	83.61280487804878
1	100	1	320	94.05797101449275
0	99999999999999999	1	360	93.01839464882943
0	99999999999999999	1	420	96.875
0	99999999999999999	1	360	94.71378504672897
1	192	1	291	94.79838709677419
0	99999999999999999	1	360	97.57194244604315
0	99999999999999999	1	204	95.12331838565022
0	99999999999999999	0	99999999999999999	81.80509868421052
0	99999999999999999	0	99999999999999999	77.29508196721311
0	99999999999999999	1	420	84.92857142857143
0	99999999999999999	0	99999999999999999	86.40065146579803
0	99999999999999999	1	422	86.05113636363636
0	99999999999999999	1	360	89.84375
1	224	1	600	96.875
0	99999999999999999	1	369	94.68354430379748
1	255	1	420	94.364161849711
0	99999999999999999	1	388	96.01851851851853
1	1796	1	1805	98.96857923497268
0	99999999999999999	0	99999999999999999	82.97619047619048
0	99999999999999999	1	600	86.85591603053435
1	206	1	225	84.28853754940711
0	99999999999999999	1	480	89.25970873786409
0	99999999999999999	1	600	83.78314393939394
0	99999999999999999	1	238	91.2109375
0	99999999999999999	1	133	88.36477987421384
1	161	1	174	92.45049504950495
1	134	1	467	96.64141414141415
1	264	1	360	95.10714285714286
0	99999999999999999	1	645	97.43303571428572
0	99999999999999999	1	480	70.0609756097561
0	99999999999999999	1	660	91.47727272727272
1	438	1	464	83.14432989690721
0	99999999999999999	0	99999999999999999	79.84527687296416
1	289	1	314	93.16520467836257
0	99999999999999999	1	208	92.05555555555556
0	99999999999999999	1	540	87.41812227074236
0	99999999999999999	1	229	95.85040983606557
1	586	1	666	97.86496350364963
0	99999999999999999	1	360	95.72208737864078
0	99999999999999999	1	4086	99.64720194647202
0	99999999999999999	0	99999999999999999	83.24044585987261
0	99999999999999999	1	540	85.29082774049218
0	99999999999999999	1	420	73.949864498645
0	99999999999999999	1	137	82.88216560509555
1	139	1	143	72.92654028436019
0	99999999999999999	1	193	90.25229357798165
0	99999999999999999	1	480	91.72749391727494
0	99999999999999999	1	142	85.1656626506024
0	99999999999999999	1	360	95.20408163265306
0	99999999999999999	1	360	90.44117647058823
0	99999999999999999	1	360	93.03435114503816
0	99999999999999999	0	99999999999999999	74.46982055464926
0	99999999999999999	0	99999999999999999	80.71895424836602
0	99999999999999999	0	99999999999999999	86.9885433715221
1	472	1	476	89.8343373493976
0	99999999999999999	1	126	89.28571428571429
0	99999999999999999	1	269	87.62798634812287
0	99999999999999999	1	150	90.28571428571429
0	99999999999999999	1	420	91.83333333333333
1	252	1	256	94.36619718309859
1	364	1	368	96.3329081632653
0	99999999999999999	1	360	93.9885496183206
0	99999999999999999	0	99999999999999999	80.67993366500829
0	99999999999999999	0	99999999999999999	69.5945945945946
0	99999999999999999	1	360	79.69924812030077
0	99999999999999999	1	420	86.75925925925924
0	99999999999999999	1	210	91.3961038961039
0	99999999999999999	1	360	89.97555012224939
0	99999999999999999	1	360	89.70323741007194
0	99999999999999999	1	393	93.97374701670643
1	238	1	360	92.36607142857143
0	99999999999999999	1	360	96.69291338582676
0	99999999999999999	1	742	97.95751633986929
0	99999999999999999	0	99999999999999999	81.315987933635
1	216	1	220	91.70081967213115
0	99999999999999999	1	600	87.35408560311284
0	99999999999999999	1	360	87.5
1	542	1	566	88.45846645367412
0	99999999999999999	1	273	87.75684931506848
1	198	1	360	89.12037037037035
0	99999999999999999	1	360	91.85435435435437
0	99999999999999999	1	239	90.3409090909091
0	99999999999999999	1	702	97.20123626373626
0	99999999999999999	1	420	96.14825581395348
0	99999999999999999	1	480	66.75857843137256
0	99999999999999999	0	99999999999999999	80.22177419354838
0	99999999999999999	0	99999999999999999	83.49772382397572
0	99999999999999999	1	268	91.93686006825938
0	99999999999999999	1	540	78.7710970464135
0	99999999999999999	1	480	95.01353790613719
1	228	1	360	92.98664122137404
1	396	1	400	98.17518248175183
1	264	1	268	95.14358108108108
0	99999999999999999	1	360	95.77414772727272
0	99999999999999999	1	268	92.66949152542374
0	99999999999999999	0	99999999999999999	70.703125
0	99999999999999999	0	99999999999999999	87.74002954209749
0	99999999999999999	1	600	84.1967680608365
0	99999999999999999	0	99999999999999999	81.81451612903226
0	99999999999999999	0	99999999999999999	81.09756097560975
0	99999999999999999	1	420	89.24342105263158
0	99999999999999999	1	420	95.47651933701658
0	99999999999999999	1	360	93.46774193548387
0	99999999999999999	1	143	83.38323353293413
0	99999999999999999	1	360	93.1159420289855
0	99999999999999999	1	181	88.22463768115942
1	172	1	185	86.50234741784037
0	99999999999999999	0	99999999999999999	83.125
0	99999999999999999	1	360	80.1470588235294
0	99999999999999999	0	99999999999999999	86.02024922118379
1	198	1	273	91.5807560137457
0	99999999999999999	1	420	93.83333333333333
0	99999999999999999	1	227	91.44999999999999
0	99999999999999999	1	163	92.09459459459461
0	99999999999999999	1	420	92.27207977207978
1	295	1	299	96.10091743119266
0	99999999999999999	1	360	98.38149231894658
0	99999999999999999	0	99999999999999999	83.89797507788161
0	99999999999999999	0	99999999999999999	77.4876644736842
0	99999999999999999	0	99999999999999999	80.65040650406505
0	99999999999999999	0	99999999999999999	88.18466353677621
0	99999999999999999	1	360	86.90257352941177
0	99999999999999999	1	540	85.94789356984478
0	99999999999999999	1	249	91.77509293680296
0	99999999999999999	1	213	92.59656652360515
1	460	1	573	98.54452054794523
0	99999999999999999	1	360	97.12193460490464
0	99999999999999999	1	420	97.90235525024534
1	513	0	99999999999999999	84.53125
0	99999999999999999	0	99999999999999999	77.8052805280528
0	99999999999999999	1	376	84.9367088607595
1	172	1	360	94.10112359550561
1	531	1	662	90.67028985507247
0	99999999999999999	1	600	94.05405405405405
0	99999999999999999	1	359	87.9287598944591
0	99999999999999999	1	360	92.57425742574256
1	246	1	250	94.60332103321034
1	339	1	356	95.41884816753927
1	224	1	228	93.87755102040818
0	99999999999999999	0	99999999999999999	72.59535655058043
0	99999999999999999	0	99999999999999999	75.62893081761005
0	99999999999999999	1	480	81.64441747572815
0	99999999999999999	1	480	94.01927437641723
0	99999999999999999	1	600	85.7976653696498
1	166	1	170	90.2284263959391
1	315	1	384	96.95121951219512
0	99999999999999999	1	360	91.99152542372882
0	99999999999999999	1	489	95.53398058252426
0	99999999999999999	1	328	94.46428571428572
1	155	1	420	94.43181818181819
0	99999999999999999	0	99999999999999999	70.72968490878938
0	99999999999999999	0	99999999999999999	71.59940209267563
0	99999999999999999	0	99999999999999999	87.3003194888179
1	455	0	99999999999999999	89.6108663729809
0	99999999999999999	1	406	90.56004618937645
0	99999999999999999	1	360	76.81451612903224
0	99999999999999999	1	265	87.93554006968641
1	388	1	427	97.25950782997762
1	137	1	480	95.85526315789474
1	131	1	146	93.64035087719299
0	99999999999999999	1	300	93.01242236024845
0	99999999999999999	0	99999999999999999	74.3485342019544
0	99999999999999999	0	99999999999999999	75.61274509803921
0	99999999999999999	0	99999999999999999	79.84375
0	99999999999999999	1	461	82.27880658436214
0	99999999999999999	0	99999999999999999	84.57120980091884
0	99999999999999999	1	243	91.044776119403
0	99999999999999999	1	360	93.57057416267943
1	174	1	360	95.22594752186589
1	1164	1	1185	98.39241549876338
0	99999999999999999	1	360	95.97665847665847
1	115	1	2219	99.10913140311806
0	99999999999999999	1	246	84.06954887218046
0	99999999999999999	0	99999999999999999	74.12140575079871
0	99999999999999999	1	360	90.21739130434784
0	99999999999999999	1	360	85.3658536585366
0	99999999999999999	1	184	84.77488151658767
1	412	1	416	92.20157657657658
0	99999999999999999	1	360	96.2962962962963
0	99999999999999999	1	131	87.57911392405063
0	99999999999999999	1	420	97.48275862068965
1	240	1	285	95.48387096774195
0	99999999999999999	1	1339	98.8243938280676
0	99999999999999999	0	99999999999999999	72.13709677419354
0	99999999999999999	0	99999999999999999	81.78807947019867
0	99999999999999999	0	99999999999999999	82.8125
0	99999999999999999	0	99999999999999999	85.89169381107492
0	99999999999999999	1	420	94.76027397260273
0	99999999999999999	1	360	80.65960912052117
0	99999999999999999	1	225	92.92355371900827
0	99999999999999999	1	420	96.52777777777777
0	99999999999999999	1	420	95.81575246132209
1	220	1	234	92.84351145038168
1	2000	1	2022	99.4140625
0	99999999999999999	0	99999999999999999	72.35537190082646
0	99999999999999999	0	99999999999999999	77.88617886178862
0	99999999999999999	1	540	75.3804347826087
0	99999999999999999	0	99999999999999999	88.14516129032258
0	99999999999999999	1	411	92.15182648401827
1	412	1	416	92.80045351473923
0	99999999999999999	1	360	95.26417525773195
0	99999999999999999	1	420	94.63507625272331
1	195	1	271	94.23400673400673
0	99999999999999999	1	360	94.26751592356688
0	99999999999999999	1	420	99.28454619787409
0	99999999999999999	0	99999999999999999	79.59770114942529
0	99999999999999999	0	99999999999999999	79.96870109546165
0	99999999999999999	1	480	86.60714285714286
0	99999999999999999	0	99999999999999999	81.91605839416059
0	99999999999999999	1	360	86.58536585365854
1	182	1	199	86.83920704845814
1	124	1	128	89.91379310344828
0	99999999999999999	1	269	91.90677966101696
1	718	1	420	96.39141742522756
0	99999999999999999	1	360	91.23076923076924
0	99999999999999999	1	143	90.34810126582278
0	99999999999999999	0	99999999999999999	77.29508196721312
0	99999999999999999	0	99999999999999999	73.16176470588235
0	99999999999999999	0	99999999999999999	74.96087636932707
0	99999999999999999	0	99999999999999999	89.72929936305732
1	388	1	392	91.51785714285714
1	611	0	99999999999999999	87.57363770250367
0	99999999999999999	1	544	93.53832442067736
0	99999999999999999	1	480	95.22116903633491
1	159	1	163	92.2715053763441
0	99999999999999999	1	420	95.76086956521739
0	99999999999999999	1	360	96.32867132867132
0	99999999999999999	0	99999999999999999	76.87101910828025
0	99999999999999999	0	99999999999999999	77.8052805280528
1	533	1	660	91.49395509499136
0	99999999999999999	1	363	92.88961038961038
1	345	1	542	93.28947368421053
0	99999999999999999	1	360	83.80872483221476
0	99999999999999999	1	199	92.6762114537445
1	347	1	540	96.05504587155963
1	249	1	383	94.72560975609757
0	99999999999999999	1	223	89.8
0	99999999999999999	1	225	94.00000000000001
0	99999999999999999	0	99999999999999999	76.94859038142621
0	99999999999999999	0	99999999999999999	83.30618892508143
0	99999999999999999	0	99999999999999999	83.15831987075927
0	99999999999999999	1	360	88.85714285714286
1	683	1	699	89.73958333333333
0	99999999999999999	1	420	90.117994100295
0	99999999999999999	1	184	85.87740384615384
1	193	1	360	98.52048558421852
0	99999999999999999	1	184	90.86538461538461
1	144	1	148	70.91013824884791
1	210	1	214	92.70833333333334
0	99999999999999999	0	99999999999999999	81.32668711656441
0	99999999999999999	1	360	91.74028268551237
0	99999999999999999	1	480	92.31965174129354
0	99999999999999999	1	360	79.74837662337661
0	99999999999999999	1	480	87.92162698412699
0	99999999999999999	1	360	82.58196721311475
1	259	1	263	94.5689655172414
0	99999999999999999	1	360	86.01190476190477
0	99999999999999999	1	360	93.78289473684211
0	99999999999999999	1	420	99.47415865384616
0	99999999999999999	1	124	89.75
0	99999999999999999	0	99999999999999999	76.78571428571428
0	99999999999999999	0	99999999999999999	75.07656967840735
0	99999999999999999	0	99999999999999999	88.05473372781064
1	210	1	233	90.28846153846153
0	99999999999999999	1	184	88.94927536231884
0	99999999999999999	1	518	95.22935779816514
0	99999999999999999	1	360	89.30555555555556
0	99999999999999999	1	360	86.6822429906542
0	99999999999999999	1	420	95.77735124760076
1	807	1	811	98.24667472793229
0	99999999999999999	1	360	97.88019693654267
1	542	1	546	81.20644599303137
0	99999999999999999	1	600	78.65349264705883
0	99999999999999999	0	99999999999999999	86.9701726844584
0	99999999999999999	1	273	90.993265993266
0	99999999999999999	1	360	91.93083573487031
1	261	1	316	93.71323529411765
0	99999999999999999	1	360	90.87230215827338
1	230	1	420	95.44005102040816
0	99999999999999999	1	360	94.64651639344262
0	99999999999999999	1	131	86.68300653594773
1	136	1	140	94.0909090909091
0	99999999999999999	0	99999999999999999	80.62700964630224
0	99999999999999999	0	99999999999999999	87.46050552922593
0	99999999999999999	0	99999999999999999	73.65079365079364
0	99999999999999999	1	600	89.36219739292363
0	99999999999999999	1	200	90.625
0	99999999999999999	1	360	79.83870967741935
0	99999999999999999	1	360	92.85714285714286
1	249	1	253	95.17148014440434
1	120	1	480	90.47475961538461
1	589	1	605	96.65743670886076
0	99999999999999999	1	360	98.35199004975125
0	99999999999999999	0	99999999999999999	71.14754098360656
0	99999999999999999	0	99999999999999999	81.12824675324676
0	99999999999999999	1	540	78.47938144329898
1	204	1	208	87.87553648068672
0	99999999999999999	1	360	85.7078853046595
0	99999999999999999	1	360	91.6970802919708
0	99999999999999999	1	171	87.63020833333333
1	185	1	199	87.77533039647577
1	224	1	237	94.02173913043478
0	99999999999999999	1	139	90.58641975308642
0	99999999999999999	1	152	86.66201117318437
0	99999999999999999	0	99999999999999999	80.80029368575624
0	99999999999999999	0	99999999999999999	78.25914149443561
1	570	0	99999999999999999	87.89893617021278
0	99999999999999999	1	660	87.73996509598605
1	155	1	375	87.92517006802721
1	190	1	204	84.67898832684826
1	249	1	263	92.47359154929578
1	261	1	265	94.03114186851211
0	99999999999999999	1	360	80.15676567656766
0	99999999999999999	1	221	92.60204081632652
0	99999999999999999	1	164	90.5263157894737
0	99999999999999999	0	99999999999999999	73.35255354200989
0	99999999999999999	1	660	85.60405643738977
0	99999999999999999	1	600	89.12401574803151
0	99999999999999999	1	660	87.94283413848632
0	99999999999999999	1	420	83.8721264367816
1	442	1	600	93.42228464419475
0	99999999999999999	1	420	88.50746268656717
1	424	1	480	93.76344086021506
0	99999999999999999	1	360	81.61512027491409
0	99999999999999999	1	124	92.2872340425532
1	362	1	366	95.2763496143959
0	99999999999999999	0	99999999999999999	69.76072607260727
0	99999999999999999	1	360	77.74163568773233
0	99999999999999999	1	540	79.83440170940172
0	99999999999999999	1	420	86.9335347432024
0	99999999999999999	1	360	91.85739436619717
0	99999999999999999	1	190	86.74418604651162
0	99999999999999999	1	360	88.56292517006804
1	760	1	1050	98.86046511627907
0	99999999999999999	1	148	91.73976608187135
0	99999999999999999	1	1295	98.84469696969698
0	99999999999999999	0	99999999999999999	70.75320512820512
1	520	1	548	83.78874388254486
0	99999999999999999	1	660	78.80710659898476
0	99999999999999999	1	600	83.89908256880733
1	317	1	420	95.04985754985755
0	99999999999999999	1	246	88.68613138686132
0	99999999999999999	1	344	88.67079889807162
0	99999999999999999	1	335	92.8030303030303
1	1260	1	1304	99.03122648607976
1	268	1	349	95.60991957104558
0	99999999999999999	1	420	97.67373380447586
0	99999999999999999	0	99999999999999999	78.03889789303079
0	99999999999999999	0	99999999999999999	83.17230273752013
0	99999999999999999	1	660	85.67615658362989
0	99999999999999999	0	99999999999999999	82.34615384615384
1	350	1	370	93.34170854271358
1	246	1	360	88.77272727272727
1	458	1	600	92.0540796963947
0	99999999999999999	1	360	94.71243042671614
1	222	1	226	92.05465587044534
0	99999999999999999	1	1123	98.53327495621716
1	1133	1	1150	98.65499573014517
0	99999999999999999	0	99999999999999999	66.42640364188163
0	99999999999999999	0	99999999999999999	85.17080745341613
0	99999999999999999	0	99999999999999999	86.99534161490683
0	99999999999999999	1	360	88.63636363636364
0	99999999999999999	1	480	80.57553956834533
0	99999999999999999	1	360	90.54428044280442
1	299	1	303	92.80769230769232
0	99999999999999999	1	420	95.88377723970945
1	245	1	249	92.9090909090909
1	267	1	311	94.10447761194031
1	2059	1	2063	99.22211584490188
0	99999999999999999	0	99999999999999999	76.0483870967742
0	99999999999999999	0	99999999999999999	81.57051282051282
1	602	1	606	85.70287539936105
0	99999999999999999	1	360	84.4890510948905
1	336	1	553	97.26357267950965
1	178	1	182	90.83333333333333
1	238	1	313	95.57057057057057
0	99999999999999999	1	360	90.74248120300751
1	541	1	545	97.50441696113073
1	762	1	766	97.62958280657396
1	182	1	186	90.1190476190476
0	99999999999999999	0	99999999999999999	69.48590381426203
0	99999999999999999	0	99999999999999999	87.34126984126982
0	99999999999999999	0	99999999999999999	87.26076555023924
1	299	1	303	89.87915407854985
1	513	1	517	89.38766114180478
0	99999999999999999	1	360	93.23040380047506
1	255	1	278	92.78688524590164
0	99999999999999999	1	360	86.30952380952381
0	99999999999999999	1	420	96.52157738095238
0	99999999999999999	1	959	98.92638036809815
1	440	1	502	96.86311787072243
0	99999999999999999	0	99999999999999999	78.62438220757826
0	99999999999999999	0	99999999999999999	77.75974025974025
1	180	1	184	83.94736842105263
0	99999999999999999	1	246	88.77358490566039
0	99999999999999999	1	360	79.95967741935485
0	99999999999999999	1	360	89.15505226480835
0	99999999999999999	1	234	92.5
0	99999999999999999	1	360	96.91247002398082
0	99999999999999999	1	420	88.31658291457286
1	689	1	693	98.46796657381616
0	99999999999999999	1	360	95.45454545454547
0	99999999999999999	0	99999999999999999	75.44
0	99999999999999999	0	99999999999999999	79.82348111658456
0	99999999999999999	0	99999999999999999	76.40675241157557
0	99999999999999999	1	133	82.31907894736842
0	99999999999999999	0	99999999999999999	80.61056105610561
0	99999999999999999	1	360	92.07875457875458
1	245	1	249	95.21072796934865
1	233	1	360	91.70918367346938
0	99999999999999999	1	360	98.34418070444103
0	99999999999999999	1	360	91.98190789473684
0	99999999999999999	1	266	94.14062500000001
0	99999999999999999	0	99999999999999999	72.23502304147465
0	99999999999999999	0	99999999999999999	80.68181818181817
0	99999999999999999	1	600	80.66939890710383
1	129	1	506	94.98087954110899
1	258	1	262	82.39619377162629
1	205	1	222	85.23131672597864
0	99999999999999999	1	360	93.08035714285715
0	99999999999999999	1	360	94.60382513661202
0	99999999999999999	1	360	90.64306358381502
0	99999999999999999	1	147	92.62048192771087
0	99999999999999999	1	360	98.00098716683121
0	99999999999999999	0	99999999999999999	81.30182421227197
1	479	1	600	89.52169625246549
1	406	1	600	90.3343023255814
0	99999999999999999	1	189	92.6219512195122
1	130	1	134	85.40372670807452
0	99999999999999999	1	220	88.20850202429149
0	99999999999999999	1	185	89.5933014354067
1	312	1	316	94.08088235294117
1	221	1	225	92.3780487804878
1	274	1	278	90.21381578947368
0	99999999999999999	1	360	96.85304449648712
0	99999999999999999	0	99999999999999999	69.50464396284829
1	197	1	360	89.35185185185185
0	99999999999999999	1	560	87.54273504273505
0	99999999999999999	1	360	83.45588235294119
1	522	0	99999999999999999	89.11226114649682
0	99999999999999999	1	600	93.89097744360902
1	262	1	360	79.27046263345196
1	207	1	222	92.1875
0	99999999999999999	1	360	97.80783582089552
0	99999999999999999	1	360	97.63313609467454
0	99999999999999999	1	277	95.01689189189189
0	99999999999999999	0	99999999999999999	70.1077943615257
0	99999999999999999	1	660	79.21099290780141
0	99999999999999999	0	99999999999999999	83.58662613981764
0	99999999999999999	1	480	90.6599552572707
1	129	1	133	85.40372670807454
0	99999999999999999	1	420	83.40909090909089
1	174	1	411	96.3869463869464
1	158	1	162	92.27941176470587
0	99999999999999999	1	200	91.55555555555557
1	120	1	124	88.00335570469801
0	99999999999999999	1	420	97.90683962264153
0	99999999999999999	0	99999999999999999	78.35090361445783
0	99999999999999999	0	99999999999999999	77.81746031746032
1	170	1	360	93.86363636363635
1	179	1	211	90.18240343347638
0	99999999999999999	1	480	88.26219512195122
0	99999999999999999	1	136	93.125
0	99999999999999999	1	360	88.91129032258064
0	99999999999999999	1	360	87.45689655172414
0	99999999999999999	1	365	93.70179948586119
1	141	1	156	89.09722222222223
0	99999999999999999	1	301	95.06172839506173
0	99999999999999999	0	99999999999999999	66.77685950413223
0	99999999999999999	0	99999999999999999	80.94325153374233
0	99999999999999999	1	600	77.42395437262357
1	401	1	405	89.57852193995382
0	99999999999999999	1	244	90.61338289962825
0	99999999999999999	1	334	90.08498583569406
0	99999999999999999	1	480	96.77643784786642
0	99999999999999999	1	175	87.13054187192117
1	230	1	245	93.42592592592592
0	99999999999999999	1	213	91.61458333333333
0	99999999999999999	1	360	98.88423988842399
1	255	1	259	82.84050179211468
0	99999999999999999	0	99999999999999999	85.7258064516129
0	99999999999999999	0	99999999999999999	85.52425665101721
0	99999999999999999	0	99999999999999999	86.32692307692307
0	99999999999999999	0	99999999999999999	84.97576736672052
0	99999999999999999	1	296	95.75545171339563
1	144	1	148	72.97453703703704
0	99999999999999999	1	333	92.74305555555554
0	99999999999999999	1	420	94.25578034682083
0	99999999999999999	1	420	96.37387387387388
0	99999999999999999	1	360	97.47206703910615
0	99999999999999999	0	99999999999999999	77.07317073170731
0	99999999999999999	1	480	76.32063882063882
0	99999999999999999	1	600	87.5
0	99999999999999999	0	99999999999999999	82.7887537993921
1	195	1	199	90.29017857142857
0	99999999999999999	1	600	94.11120840630473
0	99999999999999999	1	420	96.42341040462428
1	265	1	360	91.51337792642141
1	487	1	552	96.54347826086956
1	228	1	360	93.21338383838383
1	2292	1	2340	99.38689217758986
0	99999999999999999	0	99999999999999999	73.36601307189541
0	99999999999999999	0	99999999999999999	75.07716049382717
0	99999999999999999	0	99999999999999999	88.57374392220422
0	99999999999999999	1	314	75.82089552238806
0	99999999999999999	1	420	86.82835820895522
0	99999999999999999	1	209	89.39873417721519
1	356	1	492	95.62624254473162
0	99999999999999999	1	420	95.67843866171003
1	369	1	373	95.52005012531328
1	331	1	335	95.41666666666666
1	539	1	420	98.2928679817906
0	99999999999999999	0	99999999999999999	78.94951140065146
0	99999999999999999	0	99999999999999999	87.86173633440514
0	99999999999999999	0	99999999999999999	79.62893553223387
0	99999999999999999	1	600	84.78464419475655
1	224	1	420	92.7593659942363
0	99999999999999999	1	313	91.64222873900293
0	99999999999999999	1	312	95.27439024390243
0	99999999999999999	1	360	86.94915254237289
1	215	1	219	94.10569105691057
0	99999999999999999	1	420	98.0161943319838
1	340	1	353	96.62073490813647
0	99999999999999999	0	99999999999999999	75.45454545454544
0	99999999999999999	0	99999999999999999	84.29186228482001
1	227	1	360	85.87164750957854
1	220	0	99999999999999999	94.7348484848485
1	159	1	360	90.06294964028777
1	138	1	142	88.47305389221555
1	221	1	259	93.4375
1	405	1	409	97.00581395348838
1	394	1	407	95.78488372093022
0	99999999999999999	0	99999999999999999	82.61943986820428
0	99999999999999999	0	99999999999999999	75.44354838709677
0	99999999999999999	0	99999999999999999	86.17021276595746
0	99999999999999999	1	360	83.45588235294117
1	236	1	360	93.36538461538461
1	205	1	209	91.72008547008545
1	270	1	284	92.7250803858521
1	192	1	196	88.11383928571429
0	99999999999999999	1	360	87.41071428571428
0	99999999999999999	1	420	98.3974358974359
1	281	1	600	98.06451612903226
0	99999999999999999	0	99999999999999999	70.6656346749226
0	99999999999999999	0	99999999999999999	78.26003086419753
0	99999999999999999	0	99999999999999999	85.65830721003135
0	99999999999999999	1	243	86.71586715867159
1	235	1	253	91.8615107913669
0	99999999999999999	1	480	92.74789029535864
1	296	1	300	87.8482972136223
0	99999999999999999	1	124	84.48275862068965
1	212	1	420	92.10714285714286
1	680	1	2657	99.56606942889138
1	116	1	2859	99.55790568654648
0	99999999999999999	0	99999999999999999	73.83913764510778
0	99999999999999999	0	99999999999999999	76.44151565074135
0	99999999999999999	0	99999999999999999	83.81240544629348
0	99999999999999999	1	540	88.125
0	99999999999999999	1	360	86.88212927756652
0	99999999999999999	1	201	90.45454545454545
1	231	1	360	94.07894736842104
1	744	1	748	98.47005208333333
1	238	1	242	94.15094339622641
1	224	1	267	95.15845070422534
0	99999999999999999	1	420	98.15449010654488
0	99999999999999999	0	99999999999999999	81.04440789473684
0	99999999999999999	1	499	78.28820116054159
0	99999999999999999	0	99999999999999999	84.41127694859038
0	99999999999999999	1	480	79.95742092457422
0	99999999999999999	1	499	89.66254752851711
1	259	1	263	82.17993079584775
0	99999999999999999	1	495	93.97705544933078
0	99999999999999999	1	360	90.30172413793103
1	207	1	238	92.74344569288388
1	285	1	300	95.5246913580247
0	99999999999999999	1	360	96.3161659513591
0	99999999999999999	0	99999999999999999	71.04200323101777
0	99999999999999999	0	99999999999999999	75.39808917197453
0	99999999999999999	1	360	77.04280155642024
0	99999999999999999	0	99999999999999999	84.89660265878877
0	99999999999999999	1	245	86.55660377358492
1	361	1	365	91.51785714285715
0	99999999999999999	1	289	93.08252427184466
0	99999999999999999	1	360	89.80144404332128
0	99999999999999999	1	370	93.83159268929504
0	99999999999999999	1	360	98.1457800511509
0	99999999999999999	1	540	99.03324287652646
0	99999999999999999	0	99999999999999999	78.7828947368421
0	99999999999999999	0	99999999999999999	85.37190082644629
0	99999999999999999	0	99999999999999999	82.00164744645798
0	99999999999999999	0	99999999999999999	89.57698170731707
0	99999999999999999	1	540	94.31567328918324
0	99999999999999999	1	360	91.26344086021506
1	302	1	306	94.0119760479042
1	1055	1	1125	98.48222029488292
1	131	1	367	95.97402597402598
1	395	1	619	97.9587869362364
0	99999999999999999	1	360	97.71126760563381
0	99999999999999999	0	99999999999999999	75.19623233908949
0	99999999999999999	0	99999999999999999	81.25990491283676
0	99999999999999999	1	360	94.32656826568265
0	99999999999999999	1	360	85.10338345864662
1	307	1	311	90.77380952380952
1	200	1	303	95.6656346749226
1	516	1	836	92.70718232044199
1	133	1	137	88.515625
0	99999999999999999	1	420	96.58536585365854
0	99999999999999999	1	420	98.00191815856778
0	99999999999999999	1	224	92.6
0	99999999999999999	0	99999999999999999	79.26929392446634
0	99999999999999999	0	99999999999999999	78.10965630114568
0	99999999999999999	0	99999999999999999	83.65072933549433
0	99999999999999999	1	600	93.03435114503817
0	99999999999999999	0	99999999999999999	86.96153846153847
1	170	1	174	90.16089108910892
0	99999999999999999	1	360	84.36379928315412
0	99999999999999999	1	360	89.30555555555556
1	240	1	244	92.30410447761194
1	202	1	206	90.22435897435898
1	1742	1	1819	99.51687534022864
0	99999999999999999	0	99999999999999999	81.4724919093851
0	99999999999999999	0	99999999999999999	75.40128410914927
0	99999999999999999	1	600	80.57909604519773
0	99999999999999999	0	99999999999999999	82.75577557755776
0	99999999999999999	1	420	89.04367469879519
1	422	1	426	91.13082039911308
1	204	1	325	93.11079545454545
0	99999999999999999	1	420	95.0
1	273	1	660	97.35237483953787
1	409	1	422	97.66666666666667
0	99999999999999999	1	360	95.06666666666668
1	366	1	370	86.33720930232559
0	99999999999999999	0	99999999999999999	81.01777059773829
1	268	1	272	87.93706293706295
0	99999999999999999	1	600	86.16504854368932
0	99999999999999999	1	420	95.02967359050444
0	99999999999999999	1	216	93.67021276595744
1	358	1	619	96.03941267387945
0	99999999999999999	1	420	97.38074957410562
0	99999999999999999	1	898	96.93243243243242
0	99999999999999999	1	145	92.1686746987952
1	5592	1	5596	99.71323137115418
0	99999999999999999	0	99999999999999999	73.21724709784411
1	298	1	420	86.6923076923077
1	124	1	128	89.00000000000001
0	99999999999999999	1	540	85.77860169491525
0	99999999999999999	0	99999999999999999	89.06482861400895
0	99999999999999999	1	360	88.96520146520146
1	190	1	218	92.03125
1	126	1	310	85.74324324324323
1	198	1	202	91.06359649122808
0	99999999999999999	1	172	88.625
0	99999999999999999	1	360	92.1875
0	99999999999999999	0	99999999999999999	70.13116057233704
0	99999999999999999	0	99999999999999999	84.39529220779221
0	99999999999999999	1	480	82.1029776674938
1	266	1	600	96.81996086105676
1	478	1	600	94.05105973025047
0	99999999999999999	1	360	88.5492700729927
0	99999999999999999	1	360	89.28571428571429
1	173	1	177	89.7671568627451
0	99999999999999999	1	888	97.17521834061134
1	888	1	910	98.03895410885806
0	99999999999999999	1	360	94.63824289405684
0	99999999999999999	1	420	88.47972972972974
0	99999999999999999	0	99999999999999999	80.57722308892355
0	99999999999999999	0	99999999999999999	78.53218210361067
0	99999999999999999	1	252	87.68587360594795
0	99999999999999999	0	99999999999999999	87.18503937007874
0	99999999999999999	1	197	86.986301369863
1	195	1	301	92.4079754601227
0	99999999999999999	1	359	96.22395833333333
1	169	1	173	90.13819095477388
0	99999999999999999	1	265	95.3448275862069
0	99999999999999999	1	360	95.9128878281623
0	99999999999999999	0	99999999999999999	71.11570247933885
0	99999999999999999	1	360	89.375
0	99999999999999999	1	480	80.61224489795917
1	437	1	600	91.51785714285714
0	99999999999999999	1	420	88.05473372781064
0	99999999999999999	1	124	80.4530201342282
0	99999999999999999	1	360	84.09090909090911
1	256	1	273	95.57560137457044
0	99999999999999999	1	360	95.23420479302833
1	820	1	850	97.99259681093393
1	184	1	197	86.99324324324323
0	99999999999999999	0	99999999999999999	77.9886914378029
0	99999999999999999	1	360	83.67003367003366
0	99999999999999999	1	420	88.89275766016713
0	99999999999999999	0	99999999999999999	85.65251572327044
1	573	1	695	91.03412256267409
0	99999999999999999	1	138	90.18404907975459
0	99999999999999999	1	600	92.17221135029354
0	99999999999999999	1	360	91.32996632996634
0	99999999999999999	1	539	96.88612099644128
0	99999999999999999	1	1149	98.22952218430032
1	122	1	201	90.50218340611353
0	99999999999999999	0	99999999999999999	73.05555555555556
0	99999999999999999	0	99999999999999999	85.0078492935636
1	430	1	600	81.29826254826256
0	99999999999999999	1	600	90.36458333333333
0	99999999999999999	1	196	87.67045454545455
1	136	1	158	91.82432432432432
1	304	1	420	91.6304347826087
0	99999999999999999	1	365	95.44270833333333
0	99999999999999999	1	517	89.06537753222835
0	99999999999999999	1	420	96.0201793721973
1	1250	1	1254	99.21445404556167
0	99999999999999999	0	99999999999999999	76.41815235008104
0	99999999999999999	0	99999999999999999	79.48717948717947
0	99999999999999999	0	99999999999999999	81.50964391691396
0	99999999999999999	0	99999999999999999	90.9765625
0	99999999999999999	1	480	89.03409090909089
0	99999999999999999	1	766	95.83333333333333
1	266	1	540	94.83747609942638
0	99999999999999999	1	131	92.44791666666667
0	99999999999999999	1	514	96.71175373134326
1	1048	1	1087	98.67475292003593
1	235	1	282	93.08252427184466
0	99999999999999999	0	99999999999999999	75.57003257328991
0	99999999999999999	0	99999999999999999	76.11754966887416
0	99999999999999999	1	600	86.67431192660551
0	99999999999999999	1	480	83.59375
1	496	1	660	93.44919786096256
1	192	1	231	91.015625
0	99999999999999999	1	190	90.45138888888889
1	239	1	242	89.85849056603774
0	99999999999999999	1	658	95.79062957540263
0	99999999999999999	1	378	95.37153652392948
0	99999999999999999	1	360	98.31240188383046
0	99999999999999999	0	99999999999999999	75.73643410852712
0	99999999999999999	1	420	77.16417910447761
1	436	1	600	89.62962962962963
0	99999999999999999	1	360	85.76007326007327
0	99999999999999999	1	360	83.1763698630137
0	99999999999999999	1	360	82.85928143712574
0	99999999999999999	1	360	93.96825396825396
1	220	1	234	94.58812260536399
0	99999999999999999	1	439	95.00539956803455
1	245	1	249	92.70833333333333
1	246	1	250	91.78966789667898
0	99999999999999999	0	99999999999999999	71.11570247933885
0	99999999999999999	0	99999999999999999	79.97553017944534
0	99999999999999999	0	99999999999999999	86.42410015649453
1	621	0	99999999999999999	89.88008720930233
0	99999999999999999	1	420	86.54725609756098
0	99999999999999999	1	298	89.2746913580247
0	99999999999999999	1	420	94.68038528896673
1	194	1	218	85.21784232365145
1	232	1	420	96.90265486725664
0	99999999999999999	1	249	93.45667870036101
0	99999999999999999	1	360	98.56202356202355
0	99999999999999999	0	99999999999999999	80.67993366500828
0	99999999999999999	0	99999999999999999	73.19983818770227
0	99999999999999999	0	99999999999999999	80.91353996737357
0	99999999999999999	1	344	87.97683923705722
0	99999999999999999	1	420	79.98633879781421
0	99999999999999999	1	360	85.1407284768212
1	194	1	198	80.54511278195488
0	99999999999999999	1	360	85.94306049822063
1	154	1	167	93.65183246073299
0	99999999999999999	1	360	90.99650349650351
0	99999999999999999	1	360	93.75
