早期検知したか	早期検知時刻	デッドラインミスが発生したか	デッドラインミス時刻	平均CPU利用率
1	269	1	306	95.42682926829269
1	193	1	208	91.20171673819742
1	276	1	330	94.3019943019943
1	230	1	391	94.77163461538461
1	143	1	158	91.45833333333334
1	207	1	310	94.0828402366864
1	379	1	423	93.87697516930024
1	436	1	478	94.1235059760956
1	251	1	420	90.31155015197567
1	245	1	272	93.95833333333333
1	371	1	375	94.23316708229426
1	768	1	772	97.19611528822055
1	280	1	284	94.93569131832797
0	99999999999999999	0	99999999999999999	91.77877428998505
1	432	1	508	93.71482176360226
1	356	1	402	92.07110609480813
1	300	1	444	97.59615384615384
1	390	1	429	96.2527352297593
1	194	1	208	92.37668161434978
1	367	1	421	95.40358744394618
1	341	1	346	95.60626702997274
1	155	1	778	98.32506203473946
1	270	1	331	96.34831460674157
1	117	1	820	98.47122302158273
1	384	1	407	93.92361111111111
0	99999999999999999	1	310	92.82477341389728
1	300	1	304	92.13102409638554
1	126	1	718	97.20708446866486
1	260	1	264	95.58566433566435
0	99999999999999999	1	258	92.7491103202847
1	388	1	413	91.70480549199085
1	416	1	649	95.14307228915662
1	141	1	207	90.96320346320347
1	419	1	448	96.34081196581197
0	99999999999999999	1	279	90.11627906976743
0	99999999999999999	1	142	95.19817073170732
0	99999999999999999	1	129	91.69642857142857
1	441	1	458	93.96997929606626
1	220	1	259	95.63636363636364
1	291	1	563	96.17174280879864
1	1457	1	1461	98.69087837837837
1	228	1	272	92.86912751677852
1	414	1	514	94.21641791044776
1	470	1	485	96.73913043478261
1	550	1	642	93.9179104477612
1	131	1	161	94.36141304347827
1	255	1	272	92.95302013422818
1	111	1	139	92.56134969325154
1	209	1	213	91.13924050632912
1	296	1	333	92.59129213483146
1	228	1	277	94.26567656765678
1	363	1	378	90.27093596059113
0	99999999999999999	1	291	96.46825396825396
0	99999999999999999	1	134	92.265625
0	99999999999999999	1	308	94.05864197530865
1	430	0	99999999999999999	93.34795321637426
1	428	1	456	95.6236897274633
1	435	1	448	91.58704883227176
1	355	1	359	94.45169712793734
0	99999999999999999	1	185	91.00985221674878
1	168	1	172	92.7461139896373
1	1853	1	1877	99.04048370136698
0	99999999999999999	1	140	91.21212121212119
1	291	1	1384	98.91613361762616
1	306	1	329	91.3135593220339
1	426	1	558	92.15811965811966
1	497	1	527	90.09009009009009
1	315	1	332	93.88966480446926
1	320	1	344	96.10655737704919
1	134	1	279	96.00000000000001
1	200	1	449	96.64570230607966
1	458	1	462	96.6768916155419
1	549	1	697	94.40376569037659
1	496	1	752	95.60897435897436
1	712	1	746	93.58237547892719
1	258	1	271	90.94387755102039
1	180	1	284	96.29934210526316
0	99999999999999999	1	472	97.97979797979797
1	275	1	288	96.20607028753993
1	237	1	403	91.72535211267605
1	445	1	506	91.5352504638219
1	356	1	360	92.73026315789474
1	598	1	660	97.22627737226277
1	158	1	162	90.84224598930481
0	99999999999999999	1	331	95.09180790960451
1	1445	1	1464	98.8239247311828
1	467	0	99999999999999999	95.03846153846155
1	222	1	405	90.76206140350878
1	226	1	243	94.23431734317344
0	99999999999999999	1	202	92.8650442477876
1	328	1	372	94.8178391959799
1	170	1	174	91.39447236180905
0	99999999999999999	1	164	95.37037037037035
1	205	1	222	92.10526315789473
1	447	1	549	92.29094076655052
1	261	1	335	92.0774647887324
1	195	1	260	93.6625874125874
0	99999999999999999	1	347	95.96666666666667
1	337	1	438	96.2391774891775
1	275	1	389	96.65450121654503
1	780	1	794	98.45848595848597
1	341	1	345	94.375
1	301	1	305	95.65384615384616
1	351	1	396	91.49184149184148
1	503	1	742	97.39173228346456
1	559	1	771	97.19773299748111
1	582	1	609	94.80140186915888
1	321	1	345	93.58016304347827
1	195	1	220	90.16393442622952
1	200	1	439	96.12068965517241
1	305	1	343	91.17847411444143
1	224	1	438	94.87041036717063
1	249	1	277	93.03691275167785
0	99999999999999999	1	289	91.70673076923077
1	245	1	425	96.65730337078651
0	99999999999999999	1	313	93.95161290322581
1	414	1	428	92.4342105263158
1	220	1	432	95.88815789473684
1	496	1	550	97.2608695652174
1	691	1	695	94.72765363128494
0	99999999999999999	1	424	94.04362416107381
0	99999999999999999	1	250	92.31818181818181
1	466	1	495	96.36627906976744
1	459	1	754	98.61290322580646
0	99999999999999999	0	99999999999999999	90.54383116883116
0	99999999999999999	1	304	90.93655589123865
1	235	1	350	91.41246684350133
1	298	1	345	93.12330623306234
0	99999999999999999	1	202	94.53488372093024
1	645	1	673	97.49642346208871
1	808	1	818	98.61442193087008
1	367	1	371	91.97103274559194
0	99999999999999999	1	311	92.05223880597016
1	306	1	336	94.49035812672177
1	308	1	312	94.95481927710843
1	388	1	442	96.82835820895521
1	600	1	604	97.46031746031746
1	428	0	99999999999999999	90.81632653061224
1	318	1	323	92.28260869565219
0	99999999999999999	1	425	92.625284738041
0	99999999999999999	1	183	92.65776699029128
0	99999999999999999	1	182	91.88701923076924
1	251	1	277	93.87500000000001
1	424	1	458	97.1875
1	264	1	307	91.19402985074626
1	619	1	646	92.31054977711737
1	349	1	373	95.14593908629442
1	685	1	689	96.90126050420167
1	180	1	184	92.71844660194175
1	345	1	377	96.86692506459949
1	234	1	337	95.19498607242339
1	251	1	293	94.296875
0	99999999999999999	1	364	95.27559055118111
1	418	1	431	93.90109890109889
1	260	1	264	93.75
0	99999999999999999	1	672	91.21428571428572
1	532	1	607	94.71914556962027
1	295	1	373	93.70300751879698
1	369	1	383	92.04834605597965
1	264	1	283	92.63754045307444
1	385	1	400	91.41176470588235
1	357	1	361	94.75911458333333
0	99999999999999999	0	99999999999999999	92.25908372827803
1	575	1	579	90.55785123966942
0	99999999999999999	1	313	93.62094395280236
1	220	1	235	92.62452107279694
1	276	1	987	98.21958456973293
1	250	1	328	94.73314606741573
1	224	1	228	94.0
1	197	1	250	93.12730627306273
1	447	1	521	94.88007380073802
1	141	1	326	95.94017094017094
0	99999999999999999	1	253	92.33870967741936
1	816	1	830	97.2902097902098
1	187	1	210	93.56060606060606
0	99999999999999999	1	332	94.62250712250712
1	227	1	302	92.97112462006079
1	165	1	190	96.02803738317758
1	436	1	482	91.83070866141732
1	881	1	1046	97.56523765144453
1	405	1	488	94.08023483365949
1	422	1	608	93.9178515007899
0	99999999999999999	1	199	95.31963470319634
1	414	1	680	90.9074858757062
0	99999999999999999	1	210	92.44680851063829
1	145	1	447	97.67628205128204
1	623	1	627	97.94891640866874
0	99999999999999999	1	201	90.84821428571429
1	225	1	373	96.29746835443038
1	1268	1	1299	98.35972850678732
1	666	1	670	96.70767004341533
0	99999999999999999	1	812	97.81959378733572
1	450	1	573	92.2319932998325
1	444	1	531	93.45854922279793
1	306	1	319	91.72740524781342
1	370	1	374	95.42910447761194
1	126	1	388	96.67070217917674
1	254	0	99999999999999999	90.1196369636964
0	99999999999999999	1	438	92.6470588235294
1	475	1	522	90.49912434325745
1	428	1	432	91.5665938864629
1	311	1	335	93.19444444444443
1	219	1	232	94.09722222222221
1	280	1	304	92.40121580547113
0	99999999999999999	1	325	95.88192419825073
1	540	1	544	97.21238938053098
1	243	1	256	92.0413669064748
1	251	1	279	95.07575757575759
1	328	1	336	91.37569832402235
1	324	1	328	94.18103448275863
1	270	1	274	95.23809523809524
0	99999999999999999	1	167	93.45854922279794
1	290	1	365	96.19565217391303
1	413	1	662	90.54347826086956
1	323	0	99999999999999999	91.84782608695652
1	418	1	629	91.81957186544344
0	99999999999999999	1	507	95.7461977186312
1	423	1	490	94.61122047244095
1	496	1	500	94.04990403071017
1	661	1	686	97.19887955182071
1	648	1	678	96.52482269503545
1	367	1	587	97.51655629139074
1	257	1	309	91.10863095238095
1	495	1	630	96.82692307692308
1	214	1	253	95.05395683453236
1	271	1	286	93.97106109324758
0	99999999999999999	1	182	91.96428571428572
1	485	1	499	91.00667938931296
1	247	1	397	95.38369304556355
1	206	1	255	93.72791519434628
1	187	1	264	94.98269896193773
1	410	1	451	94.0928270042194
1	1608	1	1612	98.7576219512195
1	185	1	202	94.38888888888889
1	169	1	194	90.93468468468468
1	526	1	544	96.64473684210527
1	233	1	237	95.4724409448819
1	2076	1	2112	99.22131147540983
1	522	1	551	92.16417910447761
0	99999999999999999	1	302	92.24006116207951
1	500	1	504	93.77367424242425
1	233	1	248	92.30410447761193
1	336	1	376	97.05334987593052
0	99999999999999999	1	201	90.5829596412556
1	238	1	491	94.79571984435798
1	395	1	399	94.3853427895981
1	178	1	191	90.61059907834102
1	222	1	226	92.45951417004049
1	439	1	511	92.89399624765477
1	184	1	188	91.80424528301886
1	706	1	745	98.56209150326796
1	315	1	319	90.64306358381504
1	390	1	394	93.27380952380953
1	226	1	685	97.9957805907173
1	253	1	257	95.08122743682311
0	99999999999999999	1	504	97.23011363636365
1	255	1	269	93.81313131313132
1	530	1	600	92.19298245614034
1	161	1	184	91.19047619047619
1	175	1	179	91.4408866995074
1	226	1	291	94.80158730158729
1	267	1	271	93.77104377104376
0	99999999999999999	0	99999999999999999	90.94827586206895
0	99999999999999999	1	244	91.38888888888889
1	220	1	466	94.31352459016395
1	189	1	209	91.63090128755366
1	369	1	373	95.2141057934509
1	673	1	687	90.00350140056021
1	416	1	429	90.41479820627802
1	303	1	327	90.04957507082153
0	99999999999999999	1	298	93.3076923076923
0	99999999999999999	1	193	92.24537037037038
0	99999999999999999	1	169	95.44270833333334
0	99999999999999999	0	99999999999999999	94.16666666666667
1	443	1	447	92.5
1	418	1	501	92.49521988527725
1	249	1	253	92.13636363636363
1	203	1	207	92.29525862068967
1	239	1	243	92.85055350553506
1	322	1	346	95.4879679144385
1	326	0	99999999999999999	90.62500000000001
1	207	1	245	92.96296296296296
1	330	1	352	96.49064171122994
1	290	1	639	97.15309200603318
1	1038	1	1166	98.3759430008382
0	99999999999999999	0	99999999999999999	93.96272285251214
1	185	1	199	90.59684684684684
1	192	1	196	90.09216589861751
1	109	1	140	90.47619047619048
1	459	1	484	92.13235294117648
1	389	1	393	95.23809523809524
0	99999999999999999	0	99999999999999999	90.01479289940829
1	445	1	459	94.01371308016877
1	120	1	222	94.52479338842974
1	348	1	352	94.04605263157896
1	379	1	383	94.37347931873478
1	255	1	259	95.15845070422536
1	196	1	200	93.41814159292034
1	421	1	478	96.8687374749499
0	99999999999999999	1	243	95.23148148148147
1	180	1	597	98.2315112540193
1	289	1	293	92.01277955271566
1	481	1	485	97.23053892215569
1	518	1	527	94.28119349005424
1	306	1	333	94.80609418282549
1	163	1	188	93.92857142857143
1	242	1	246	92.38138686131386
1	201	1	218	91.87499999999999
1	261	1	323	94.54022988505747
1	121	1	262	92.23090277777777
1	162	1	166	91.84491978609626
1	187	1	255	93.59430604982208
1	277	1	313	96.07988165680473
1	401	1	429	96.60831509846827
1	403	1	424	93.7219730941704
0	99999999999999999	1	210	90.05434782608695
1	202	1	373	93.16750629722922
1	337	1	341	92.24254742547424
1	423	1	440	95.43736501079916
1	347	1	364	96.11959287531808
0	99999999999999999	1	214	92.08333333333333
1	234	1	283	92.04545454545455
1	250	1	254	94.15178571428571
1	350	1	354	96.9747340425532
0	99999999999999999	1	226	93.94685039370079
1	165	1	2902	99.45763580457808
1	445	1	449	91.5691489361702
1	545	1	549	94.22043010752688
0	99999999999999999	1	188	92.07746478873239
1	404	1	417	97.00902934537244
1	394	1	588	97.99180327868854
1	405	1	409	94.70823798627002
1	403	1	434	96.12556561085972
1	236	1	432	95.81509846827133
1	341	1	619	95.62693498452012
1	242	1	246	92.7314814814815
1	879	1	902	97.95698924731182
1	199	1	212	93.48290598290599
0	99999999999999999	0	99999999999999999	92.97226386806597
1	174	1	192	90.16203703703704
1	360	1	375	92.66109785202863
0	99999999999999999	1	315	91.69117647058823
1	356	1	360	94.93506493506494
1	2139	1	2143	99.29658671586716
1	662	1	666	91.26984126984127
1	403	1	540	90.72309417040358
1	582	1	608	91.1671924290221
1	248	1	252	91.98028673835125
0	99999999999999999	1	439	96.18506493506493
1	188	1	203	93.89013452914799
1	193	1	197	95.28409090909092
1	616	1	620	91.89922480620154
0	99999999999999999	1	391	91.98564593301437
0	99999999999999999	1	256	95.0361010830325
1	285	1	322	97.38538681948424
0	99999999999999999	1	349	96.81635388739947
1	489	1	493	96.66506717850287
1	312	1	326	90.74858757062148
1	205	1	295	96.54340836012861
1	250	1	289	96.17834394904459
1	246	1	501	95.94465648854961
1	1091	1	1118	98.37478184991274
1	553	1	557	92.91171477079796
1	184	1	211	92.52136752136752
0	99999999999999999	1	314	92.16911764705883
1	223	1	453	95.93815513626835
1	161	1	184	91.42857142857143
1	310	1	339	96.16438356164383
0	99999999999999999	1	1001	98.46341463414635
1	741	1	769	93.58490566037736
1	287	1	312	95.04504504504504
0	99999999999999999	1	289	94.88095238095238
1	319	1	349	95.32930107526883
1	367	1	372	95.25753768844221
1	199	1	230	95.46370967741936
0	99999999999999999	1	319	94.33823529411764
0	99999999999999999	1	188	91.28605769230768
0	99999999999999999	1	1094	98.32289803220036
1	553	1	567	97.72534013605441
1	163	1	167	93.75000000000001
1	316	1	320	92.70516717325228
1	225	1	264	93.96701388888889
1	303	1	330	94.46778711484593
1	265	1	269	94.02730375426623
0	99999999999999999	1	218	92.65624999999999
1	331	1	354	93.68421052631578
1	468	1	495	91.90038684719536
1	202	1	486	96.10453648915188
1	595	1	636	93.22837632776934
0	99999999999999999	1	158	92.86684782608697
1	553	1	617	96.8798751950078
1	755	1	759	97.92464878671777
1	120	1	124	91.25874125874127
1	733	1	737	90.21739130434781
1	275	1	308	95.01488095238095
1	512	1	526	95.508166969147
0	99999999999999999	1	400	95.70497630331752
1	132	1	254	97.32789855072464
1	126	1	187	90.17857142857142
1	670	1	674	94.69153515064562
0	99999999999999999	1	579	94.14583333333333
1	1735	1	1914	98.82026817947396
1	414	1	418	94.73094170403589
1	418	0	99999999999999999	94.64006259780906
1	219	1	246	93.88786764705881
1	256	1	260	94.49300699300699
0	99999999999999999	1	366	94.00641025641026
1	403	1	410	92.92237442922375
1	401	1	432	97.30392156862744
1	170	1	266	93.59861591695501
1	247	1	307	95.39274924471299
1	358	1	384	96.01851851851853
1	256	1	260	90.7243816254417
1	187	1	216	92.51054852320675
1	424	1	622	93.993993993994
1	633	1	657	95.0478645066274
1	214	1	218	90.88114754098359
0	99999999999999999	1	203	94.81026785714286
0	99999999999999999	1	151	90.37356321839079
1	120	1	166	92.99738219895289
1	832	1	851	97.46871444823664
1	384	1	388	90.58924485125858
1	180	1	211	91.70168067226889
1	155	1	159	91.1111111111111
1	133	1	205	92.6185344827586
1	2014	1	2018	99.47303921568627
1	157	1	275	95.09966777408638
0	99999999999999999	1	132	93.515625
1	135	1	139	90.43209876543212
1	254	1	258	93.65942028985508
1	233	1	383	95.12867647058825
1	932	1	994	98.39460784313727
1	550	1	554	93.43368237347293
0	99999999999999999	1	244	93.68081180811808
0	99999999999999999	1	258	92.90178571428571
1	383	1	399	95.47058823529412
1	162	1	175	92.63959390862944
1	135	1	158	92.54032258064515
0	99999999999999999	1	286	96.1261980830671
0	99999999999999999	1	322	94.18859649122805
1	270	1	413	94.61845102505696
1	245	1	273	95.23411371237458
1	720	1	800	97.66002415458938
1	994	1	1097	98.80630630630631
1	250	1	264	95.13157894736842
1	317	1	331	94.49573863636364
1	154	1	158	92.84722222222221
1	214	1	218	93.59631147540983
0	99999999999999999	1	1254	98.92410015649453
1	295	1	332	95.99719101123594
1	346	1	449	93.9095744680851
1	247	1	263	92.0698924731183
1	402	1	660	96.76535087719299
1	212	1	240	90.04716981132076
1	301	1	305	92.34234234234235
1	567	1	617	97.562893081761
1	567	1	571	94.91525423728812
1	197	1	422	94.07015590200446
1	502	1	658	97.26906158357771
0	99999999999999999	1	190	93.06192660550458
1	150	1	154	96.36363636363636
1	203	1	207	90.85497835497834
1	366	1	379	95.3125
1	250	1	460	90.81237911025144
1	295	1	318	94.07514450867052
1	255	1	259	93.81672597864768
0	99999999999999999	1	482	90.3353057199211
1	256	1	388	95.99514563106797
0	99999999999999999	1	372	91.69621749408985
1	214	1	254	93.25539568345323
0	99999999999999999	1	184	93.09523809523809
1	429	1	433	94.81441048034935
1	104	1	135	91.69254658385094
0	99999999999999999	1	394	93.99038461538461
1	193	1	217	90.56122448979592
0	99999999999999999	1	199	90.51339285714285
1	134	1	138	93.828125
1	256	1	260	93.48776223776224
1	182	1	210	92.42424242424242
1	181	1	231	91.2202380952381
1	245	1	259	93.88204225352113
1	196	1	255	95.95323741007194
1	169	1	329	95.69327731092437
1	3457	1	3496	99.65553977272727
1	706	1	724	92.53401360544217
0	99999999999999999	1	187	90.95238095238096
1	426	1	517	93.47426470588235
0	99999999999999999	1	368	94.76010101010101
1	213	1	217	93.46707818930041
0	99999999999999999	1	337	95.11019283746558
1	415	1	668	93.44291907514452
1	429	1	550	90.91289782244557
1	219	1	223	93.54674796747967
0	99999999999999999	1	237	92.13320463320463
1	476	1	568	95.6439393939394
1	534	1	1203	98.0589430894309
1	330	1	334	93.61187845303866
1	260	1	275	90.96534653465346
1	183	1	202	93.55381165919282
1	508	1	540	92.59259259259258
1	125	1	927	98.84575026232949
1	120	1	134	91.29746835443038
1	233	1	247	91.0909090909091
1	220	1	224	95.61224489795919
1	120	1	219	92.75510204081633
1	222	1	257	91.34275618374559
1	137	1	154	92.01388888888889
1	450	1	454	96.05809128630706
1	1644	1	1648	98.1597845601436
1	548	1	620	96.89429012345681
1	184	1	229	96.11895161290322
1	180	1	344	95.06048387096773
1	339	1	407	95.04662004662003
1	308	1	370	92.70573566084786
0	99999999999999999	1	192	91.90140845070422
1	326	1	350	95.7010582010582
1	235	1	274	91.63907284768212
1	219	1	223	92.33870967741936
0	99999999999999999	1	239	94.37984496124031
1	510	1	524	96.89764492753623
1	103	1	295	96.0546875
0	99999999999999999	0	99999999999999999	90.22222222222223
0	99999999999999999	0	99999999999999999	90.3816199376947
1	370	1	374	91.47869674185463
1	322	1	350	93.12330623306232
1	268	1	329	95.9161931818182
0	99999999999999999	1	334	94.73684210526316
1	217	1	243	92.6388888888889
0	99999999999999999	1	1120	98.53839441535777
0	99999999999999999	1	604	93.76984126984127
1	420	1	690	92.73174157303372
0	99999999999999999	1	310	93.58208955223881
0	99999999999999999	1	199	93.04932735426007
1	185	1	204	93.96929824561403
0	99999999999999999	1	449	96.09704641350211
1	467	1	485	94.88747553816046
1	239	1	262	93.66379310344828
1	309	1	370	96.6025641025641
0	99999999999999999	1	161	93.71621621621621
1	187	1	238	95.00950570342208
1	281	1	350	96.39999999999999
1	529	1	620	92.08268330733229
0	99999999999999999	1	302	93.63425925925927
1	288	1	351	95.13888888888889
1	249	1	253	94.81132075471699
1	180	1	195	95.39772727272727
0	99999999999999999	1	207	90.1824034334764
0	99999999999999999	1	583	97.49177631578948
1	510	1	749	96.01612903225806
1	380	1	410	90.13310185185186
1	460	1	464	90.8790650406504
1	137	1	161	90.47297297297297
1	213	1	217	91.47489539748953
1	403	1	407	93.36027713625867
0	99999999999999999	1	494	92.40384615384616
1	180	1	194	95.8912037037037
1	529	1	533	95.99820143884892
1	365	1	369	95.82278481012659
1	210	1	214	93.03191489361701
1	167	1	214	91.64893617021275
0	99999999999999999	1	415	92.83295711060948
1	256	1	304	94.58333333333333
1	287	1	314	96.48203592814372
1	348	1	465	94.81083844580776
1	335	1	388	96.10507246376812
1	2764	1	3058	99.35191186001298
0	99999999999999999	0	99999999999999999	93.40073529411764
1	285	1	360	93.27676240208876
1	134	1	138	90.3030303030303
1	202	1	278	93.66721854304637
1	172	1	202	94.53125
1	599	1	612	93.10618066561014
1	301	1	305	92.52265861027189
1	236	1	246	90.71691176470588
1	397	1	427	94.96681415929203
0	99999999999999999	1	274	94.62500000000001
1	399	0	99999999999999999	90.5022658610272
1	203	1	207	90.31385281385282
1	591	1	641	95.65548780487805
0	99999999999999999	1	242	92.41573033707866
1	310	1	439	96.2526766595289
1	210	1	596	97.83925686591277
1	357	1	381	92.98029556650246
1	262	1	377	94.6650124069479
1	338	1	582	94.43521594684387
1	346	1	387	95.74209245742092
1	137	1	141	90.51204819277109
0	99999999999999999	1	307	94.56018518518519
0	99999999999999999	1	188	90.68509615384615
1	219	1	232	90.60039370078741
1	636	1	949	95.82905544147845
1	186	1	214	94.04255319148938
1	187	1	191	92.37089201877936
1	195	1	249	91.02564102564102
1	255	1	420	91.73018292682927
1	416	1	506	95.22471910112358
1	228	1	234	93.70078740157481
1	373	1	412	95.2078521939954
1	591	1	629	97.03846153846155
1	631	1	635	97.4657012195122
