早期検知したか	早期検知時刻	デッドラインミスが発生したか	デッドラインミス時刻	平均CPU利用率
0	99999999999999999	0	99999999999999999	69.21850079744816
0	99999999999999999	1	660	69.58955223880598
0	99999999999999999	1	480	69.59541062801932
0	99999999999999999	1	360	63.551779935275086
0	99999999999999999	1	360	67.41071428571429
0	99999999999999999	0	99999999999999999	66.71949286846277
0	99999999999999999	0	99999999999999999	63.74074074074073
0	99999999999999999	1	360	69.47194719471948
0	99999999999999999	0	99999999999999999	68.65443425076454
