早期検知したか	早期検知時刻	デッドラインミスが発生したか	デッドラインミス時刻	平均CPU利用率
0	99999999999999999	0	99999999999999999	77.88617886178862
0	99999999999999999	1	198	79.82954545454545
0	99999999999999999	0	99999999999999999	74.72044728434507
0	99999999999999999	0	99999999999999999	71.93798449612403
0	99999999999999999	0	99999999999999999	78.28638497652582
0	99999999999999999	1	360	74.4811320754717
0	99999999999999999	0	99999999999999999	76.2003311258278
0	99999999999999999	0	99999999999999999	79.56692913385828
0	99999999999999999	0	99999999999999999	75.31948881789137
1	179	1	184	79.15
0	99999999999999999	1	130	79.93055555555556
0	99999999999999999	0	99999999999999999	73.21428571428572
0	99999999999999999	0	99999999999999999	79.45705024311182
0	99999999999999999	0	99999999999999999	72.18649517684887
0	99999999999999999	1	123	75.50872093023256
0	99999999999999999	0	99999999999999999	74.22764227642277
0	99999999999999999	1	360	79.3859649122807
0	99999999999999999	0	99999999999999999	79.99219968798752
0	99999999999999999	0	99999999999999999	79.21779141104294
1	125	1	129	75.00000000000001
1	178	1	192	76.2448132780083
0	99999999999999999	1	600	79.84344422700588
0	99999999999999999	1	170	78.44279661016948
0	99999999999999999	0	99999999999999999	76.015625
0	99999999999999999	1	360	74.34895833333333
0	99999999999999999	1	132	70.89646464646464
0	99999999999999999	0	99999999999999999	79.0725806451613
0	99999999999999999	0	99999999999999999	76.30505709624795
0	99999999999999999	1	360	71.84426229508196
0	99999999999999999	0	99999999999999999	78.94524959742351
0	99999999999999999	0	99999999999999999	78.5216718266254
0	99999999999999999	0	99999999999999999	78.81832797427653
0	99999999999999999	0	99999999999999999	74.83471074380166
0	99999999999999999	0	99999999999999999	73.89415481832545
0	99999999999999999	0	99999999999999999	76.65322580645162
0	99999999999999999	0	99999999999999999	79.8320895522388
0	99999999999999999	1	134	76.31909547738694
0	99999999999999999	0	99999999999999999	76.4589905362776
0	99999999999999999	1	152	78.42548076923077
0	99999999999999999	1	360	72.31848184818482
0	99999999999999999	0	99999999999999999	78.46774193548387
0	99999999999999999	1	150	79.92424242424242
0	99999999999999999	0	99999999999999999	76.73501577287065
0	99999999999999999	1	137	73.9375
0	99999999999999999	1	360	78.70521172638436
0	99999999999999999	0	99999999999999999	71.41167192429022
0	99999999999999999	1	360	71.08085808580859
0	99999999999999999	0	99999999999999999	77.09984152139462
0	99999999999999999	0	99999999999999999	77.57048092868989
0	99999999999999999	0	99999999999999999	71.97346600331676
0	99999999999999999	1	139	77.48724489795919
0	99999999999999999	0	99999999999999999	77.86290322580646
0	99999999999999999	1	172	80.0
0	99999999999999999	0	99999999999999999	77.42200328407225
0	99999999999999999	1	480	74.37965260545906
0	99999999999999999	1	360	72.31848184818483
0	99999999999999999	0	99999999999999999	74.91961414790997
0	99999999999999999	0	99999999999999999	79.87117552334944
0	99999999999999999	0	99999999999999999	70.96394984326018
0	99999999999999999	0	99999999999999999	75.70480928689884
0	99999999999999999	0	99999999999999999	71.73553719008264
0	99999999999999999	0	99999999999999999	71.21815286624205
0	99999999999999999	0	99999999999999999	75.08090614886731
0	99999999999999999	1	253	77.30891719745223
0	99999999999999999	0	99999999999999999	76.9168026101142
0	99999999999999999	0	99999999999999999	78.9156626506024
0	99999999999999999	0	99999999999999999	78.66100323624595
0	99999999999999999	0	99999999999999999	74.09240924092408
0	99999999999999999	0	99999999999999999	77.1864686468647
1	250	1	360	77.51623376623378
0	99999999999999999	1	163	78.21261682242991
0	99999999999999999	0	99999999999999999	73.62903225806453
0	99999999999999999	0	99999999999999999	75.45454545454545
0	99999999999999999	1	156	75.87209302325581
0	99999999999999999	1	434	79.25475687103595
0	99999999999999999	0	99999999999999999	79.88505747126436
0	99999999999999999	0	99999999999999999	73.29376854599406
0	99999999999999999	1	303	79.75077881619937
0	99999999999999999	1	436	72.39478957915833
0	99999999999999999	1	128	73.1958762886598
0	99999999999999999	0	99999999999999999	73.72742200328406
1	145	1	161	79.45601851851852
0	99999999999999999	1	407	77.21445221445221
0	99999999999999999	0	99999999999999999	75.66096423017107
1	542	1	555	79.52868852459017
0	99999999999999999	0	99999999999999999	77.25806451612902
0	99999999999999999	0	99999999999999999	78.29489291598023
0	99999999999999999	0	99999999999999999	77.99377916018662
0	99999999999999999	0	99999999999999999	72.8896103896104
0	99999999999999999	0	99999999999999999	73.1570512820513
0	99999999999999999	0	99999999999999999	79.98046875
0	99999999999999999	0	99999999999999999	73.48966613672496
1	120	1	124	72.51344086021506
0	99999999999999999	1	360	78.6371237458194
0	99999999999999999	0	99999999999999999	73.86731391585761
0	99999999999999999	1	360	74.79372937293729
0	99999999999999999	0	99999999999999999	75.70480928689884
0	99999999999999999	0	99999999999999999	75.02072968490879
0	99999999999999999	1	182	78.98406374501992
0	99999999999999999	1	480	74.73277909738718
0	99999999999999999	0	99999999999999999	79.13934426229508
1	433	1	450	77.7321083172147
0	99999999999999999	0	99999999999999999	77.73752012882447
0	99999999999999999	0	99999999999999999	70.7296849087894
0	99999999999999999	1	304	79.63881019830029
0	99999999999999999	0	99999999999999999	77.44905956112852
0	99999999999999999	1	360	77.26897689768977
0	99999999999999999	0	99999999999999999	70.60483870967742
0	99999999999999999	0	99999999999999999	70.1077943615257
0	99999999999999999	1	531	79.37047101449275
0	99999999999999999	0	99999999999999999	78.80116959064327
0	99999999999999999	1	141	75.65476190476191
0	99999999999999999	0	99999999999999999	77.55395683453237
0	99999999999999999	0	99999999999999999	79.13934426229508
1	155	1	159	76.32743362831859
0	99999999999999999	0	99999999999999999	76.07438016528926
0	99999999999999999	0	99999999999999999	75.92592592592592
0	99999999999999999	1	360	76.77902621722846
0	99999999999999999	0	99999999999999999	77.65210608424337
0	99999999999999999	1	136	72.61029411764707
0	99999999999999999	0	99999999999999999	72.73476112026358
0	99999999999999999	0	99999999999999999	72.59535655058042
0	99999999999999999	0	99999999999999999	75.33003300330034
0	99999999999999999	0	99999999999999999	78.65353037766832
0	99999999999999999	0	99999999999999999	76.94859038142621
0	99999999999999999	1	163	77.86697247706421
0	99999999999999999	1	126	73.20478723404256
0	99999999999999999	1	137	79.86486486486487
0	99999999999999999	1	600	73.33024118738405
0	99999999999999999	0	99999999999999999	77.55102040816327
0	99999999999999999	1	360	75.53278688524591
0	99999999999999999	1	360	77.01480263157893
0	99999999999999999	1	193	78.2818532818533
0	99999999999999999	0	99999999999999999	71.03109656301146
0	99999999999999999	0	99999999999999999	78.359375
0	99999999999999999	0	99999999999999999	72.47516556291392
0	99999999999999999	0	99999999999999999	77.29508196721311
0	99999999999999999	0	99999999999999999	79.75409836065573
0	99999999999999999	0	99999999999999999	72.35537190082644
0	99999999999999999	0	99999999999999999	70.76480263157895
0	99999999999999999	1	360	76.0492700729927
0	99999999999999999	1	360	76.03135313531352
1	167	1	173	79.04411764705881
0	99999999999999999	0	99999999999999999	78.7878787878788
0	99999999999999999	0	99999999999999999	75.77881619937695
0	99999999999999999	1	360	77.94354838709677
0	99999999999999999	0	99999999999999999	75.86336336336338
0	99999999999999999	0	99999999999999999	77.88173652694611
0	99999999999999999	1	180	74.53125000000001
0	99999999999999999	0	99999999999999999	75.93344155844156
0	99999999999999999	0	99999999999999999	72.1169686985173
0	99999999999999999	1	480	79.40821256038649
0	99999999999999999	1	360	72.31848184818482
0	99999999999999999	1	138	74.4485294117647
0	99999999999999999	1	600	77.98076923076923
0	99999999999999999	1	122	76.95086705202311
0	99999999999999999	0	99999999999999999	74.58813838550246
0	99999999999999999	1	136	75.82908163265307
0	99999999999999999	0	99999999999999999	76.66666666666667
0	99999999999999999	0	99999999999999999	77.90983606557377
0	99999999999999999	0	99999999999999999	78.4126984126984
1	150	1	154	75.0
0	99999999999999999	1	133	74.21465968586388
0	99999999999999999	0	99999999999999999	70.72968490878938
0	99999999999999999	0	99999999999999999	75.52316890881913
0	99999999999999999	0	99999999999999999	78.81426202321725
0	99999999999999999	0	99999999999999999	75.32733224222586
0	99999999999999999	0	99999999999999999	72.2952086553323
1	152	1	160	75.28026905829597
0	99999999999999999	0	99999999999999999	79.32769726247986
